1400
2171287889929 -815519617098
-1074995415712 2541476813493
-3461138312332 286302739977
-2518424005639 470717674434
1439616164050 103582654449
267604740829 -3326387534130
2324552821516 -858002480751
4037993709698 8368601863385
947950573877 6612200428053
4740715624001 3045535550273
374434973978 -1736034911613
1085474978657 1127775584397
2125840609160 847030145541
127309858791 1401687736066
982420628610 -2820808580383
8975345954903 4127009010213
352514780114 1695884563989
-995585791263 -2541875337404
2494855675988 -1035604353711
2252601650815 722498291262
-1337552509459 -3471254730
1282448144909 10471001688
-362528491226 -1725182847027
-405319596507 3378694131194
533308111443 -2434540721332
1091182824330 -2637558479195
2465898424217 -1129849061934
-2533624124244 -439723834055
-46505114593 1317451273740
-1576065840409 280764886074
3742972909769 4962871576675
1710837053698 -376099201629
724182398156 2835142902405
6921890324601 4601151282685
-2300951684693 -755600688090
626606910020 -2528264685825
2685887407361 846906247728
8803712255825 6979896686721
2877190275079 -843800610936
2529036876204 1193006212663
5862288688340 5230796581845
-3630835550182 98017304931
-115107724187 -1417305317322
6412987394211 3884382252289
-3386046082124 -356898946581
5863187077393 9774765148545
-1365747762567 -93768460676
4176961667521 5278482018897
658606420749 -2560634200666
2135223817381 -853917765324
-886938107209 2729822161122
1611759003961 6134348716901
-678040970449 -2541990237516
-1307048124452 33662063511
6388566410541 1102279518833
-3194533963540 -31323131841
-2467043376086 -1133075849121
-3801278893640 10447263207
6705025335973 2287980261633
-3649386624108 97205893883
6930900868255 6083222177907
-3556245161765 -2286180378
4178835749763 5184418768148
-899116511324 -2826637385121
-2168328209969 -887838804990
2508294346833 1045707390260
-997970075937 2541994987936
1371123994797 -97777231702
-2650284659015 -597278390892
1920589112567 8933320669235
-265610424557 3295006318728
1394580494396 -92649320055
-3168370254793 -14478047136
3388788296909 360128979906
-2370067036876 -847280644611
206545082212 -3389268970965
7927801035917 5485592767635
-248963898624 -1799222202559
-2183995547905 -846901359540
555593143484 -2475875199987
-929630560183 2294676833490
-2540661340418 -446815420671
5974009733633 1912616496537
1691750842026 -230087833903
1449070925183 9965415696035
2706874049417 846773459388
3610366932331 -14134782192
-508397180082 -2541870747595
-3385984404987 -333573704440
-3459191619040 281285285877
-2200104945637 837727988760
-1091218887217 2637597121260
-3303406738461 251100557362
-3071636443856 103457374173
9092948215285 8800427056257
9610295252645 4939237298109
3490583288584 7880469712993
74370244781 -1415842785738
859495898464 -2698771126347
-571702107650 2478391637463
-2002080121328 94100018031
-876471938666 -2928458863641
8978912115433 5125708794753
527692848853 3011432885775
3298986027501 -239422155238
6948105985625 550172626389
-2343626617791 818190740692
9762306786465 8483831577249
9086199678397 2355473844553
-900049294016 2828950256769
-583085680971 2447550460394
792152312322 2259494132815
-3052978185470 3488210325
3124747089599 94146004386
3320946740453 8091944342897
3335240291921 9184158405599
-2570893630552 669211062825
2663861090138 -1138767523521
907810407436 2835124032465
3554516416755 1588564
-2672627004926 1129711757619
1581620274313 7411326899106
-2900005713500 847674495279
-1762914887201 282429064818
-962568141678 -2257091014781
-3662179126505 -128622912636
3287081539841 4078881962761
-2702507619019 -856629570672
-2684332818873 848450311742
3305936751429 -318459641714
-3063615835333 -98019567774
5740153195525 1844795660215
6268015539380 3540254535457
4106077675945 3343894200781
-1293030048505 1162083618
346532526349 1687202232786
591085253197 2646512399334
3097508516823 -66620374408
1571750002535 293058704250
-2901492664320 848445097159
2928933497777 9345110172239
3583821429088 31379938623
-179619405705 1663156832236
1343555473127 8740589329729
-2533199753481 -1004157238796
-1414902082445 -73104641232
2438302292821 -529546233342
-1188780982750 -2530257375921
-2927236213158 -819433063781
-2815177474122 781426424375
1532244444385 4185183205649
473110596105 -2562403247648
2679229221008 561353134113
1040957470811 -2573357605002
-3590309716719 30983889394
-1903244440231 4650633282
1594352919927 -313767614980
-2413882299320 1139819770587
3788268214351 5689506806279
2271675376897 4745725965805
-2509647612115 1230704681436
-3025175773401 30992228656
-428314216205 2546497316970
1461933088236 385709497
1162533601904 -2433825120591
3299216636225 303474779208
-349435668886 -3399787687257
-2840032654283 753102377424
10093951425 1284126721028
5763630044811 8528594704977
1838947019473 -44641068
-735626682772 -2825079830775
3182582173047 -1769984
-231769914878 1698077958453
-682248933188 2542090097415
-2274550933994 -910508474571
712986263572 1627171644873
-1736373148445 380977830396
-1507901431502 -24536611773
1145631005388 6808788307865
-1925890919219 3230629596
3167936479974 -14052419785
451800671896 2541865369305
303756889194 -3292859986267
-2010944854876 104604056829
2850873530675 743074090038
3973191904349 1829255138040
2243106124192 -752633475891
-2408818055175 1128557839630
-333789223166 -1691077207287
6650877644615 3213729037665
-3629911579514 -92221071213
2203101484082 848455850733
13669784220 -3607704600679
1968028608104 -122035748097
806344773983 2733695599884
-1516278564577 -36011039862
9833058383505 1467945503729
6263862410561 8881343778599
3965438040469 234721059209
-699389202920 2545351016103
-3223551450554 9546261
-2560485623332 470975788215
786460514972 2249048236491
-3132208674686 93773807901
3693104208001 4292171091457
-53229759806 -3675071813031
3118267487536 -129412785591
21097686989 -3768454743678
-2983179265097 -10608271272
-119630361742 3107098027791
2376806577839 847073216346
2306511817445 847289337480
366030521199 7377632571969
-1679447411945 -157464905316
-523035848056 -2444838503661
505423785006 2532185217925
8266278690713 8343138924545
3796548956601 5803263818
-3573302238980 -20949404709
-628833100335 -2555281527094
1071289260371 -2531398573224
-530200922319 -2438411803142
-2518096340718 -1223818284841
1443564386024 79550523387
-1983621634408 61474262223
8890135669353 7403818140036
-721398872866 2265118459749
9142118780169 7378024937503
1208359503204 -2573346261601
-151862549594 1683929805003
-182249918527 1725959806452
-1848707768560 -10591087689
-1242648173839 -2542254823134
1321356828648 4975467198025
-863208433999 2353450218270
-1058198723974 2538380631531
5132926992813 9659053330985
-2031290176443 -120282722
-3336878978610 -280358510885
-2711929305269 847454969952
8482400036689 931579543569
-2369891530571 -847015744014
-2883515634572 857107985427
9722538793251 714076431825
659163110972 2494987378245
-2206268770582 -850762278159
7124671622753 5088035941128
-1611691462155 310452422930
140405555489 4177925684225
851644795054 2876597301411
2088556400710 -640872897
-3145263777926 93363496401
3787823395565 601814939615
-500131474520 -2552448942297
2430429106193 1259064914287
2542457887653 1057099585041
-2242434473352 -751863234073
1726875343078 390471962193
-604563110036 -2447328681051
580182308441 -2667380037906
-3030205285201 -1549327662
3068351680997 93284095338
1025422039826 -2568612197265
3470239298701 313858427964
-3596594520098 19324323
808037410402 -2730195055473
-2174527679964 -882414202247
-822627956482 -2919541751721
920455453401 9934138282786
2332499325485 8905999014701
449770452157 -2536958519628
2512141045609 7174494720934
-454876178896 2542005078297
6401781515450 6001213726245
-2406437987792 560224311363
1968510603546 -125391062533
-2106752160957 10574986994
-676036054018 -2543118591975
1121064526856 2667327829029
3976234612135 8513410593705
-152037409519 -1705023201396
-3350807186917 377175527082
2280646772737 9379150310129
-1201803568559 2538637297026
8844992002197 8575079281133
-1492928668915 -31381632360
-655370230989 -2521768384070
-1439139951497 83706682842
3033665703126 -5038040995
1978900294299 -52410415958
3459960255321 282056405116
5396930379633 2257553055649
2104672931851 -10072952316
280437721730 1642146075057
2269009557726 718320650993
-3730856381831 -9756723132
904801147929 2824304791660
9640521169941 9020159766393
3225484272864 1176026417
1116306584033 -2605832206002
4801117540825 4940429082217
2310687222803 -843457947798
2678801339397 1126245629494
-347358000656 3399221052243
-2772105487591 -842295170880
1603838222089 241348598496
-2251317847160 -722237414733
-3364344433488 -375244644331
495208971507 -2540298845098
503290962541 4961240337409
-1842872472791 -17459790
1940422118577 4746140092473
1491669321373 -31377556356
-2732342436149 805804365078
1125113600675 2656422180936
-266716037993 -3295029917700
2669602371066 1118913597967
-2654229981695 564768078246
2253451883777 9025288400501
680579322338 2538421913385
3360757438350 385824449363
-3787553105887 -3539340198
-1365959871303 94152738230
3433492704361 376943127498
205254772609 1693414603782
6945911521609 6610346704769
-980171814998 2260751608107
2234392127093 6521363538387
3461004953859 4323214653241
-809973623813 2730482739396
-3436474749378 282553887869
3480019431789 262656215324
1379039073728 -80210449179
137914734152 -1976906116215
-976724078240 -2268590861709
-1406205720596 -125848778301
-2701934809491 -858781847674
1831860798582 -279373219939
-805902626201 2734801468542
3416394432505 -387075931038
1776173145953 6732824442893
2078624316422 32505520725
9685019146463 8300293400385
-3043676624430 -15114164543
25152555382 -1882739337471
-1981784712086 -51946746693
-3790480497645 -1014540796
2883885979324 -856580330421
576676763549 6270724228089
1840697327868 4294849749325
1014305330455 -2546631810828
51609351844 1973534164539
1837351635170 -1549681947
2363141066481 -819421437818
7888365436741 4487282510011
3295285030775 -259231968378
57854548193 2287536879141
1130671969756 2681322835833
1781711147244 -251952634837
-1915829498860 -13817464065
-423507328635 -1694709547624
-3152135754930 92579681663
544491029749 -2443088129598
7217797239789 1067139991163
3571155316933 9326652550371
-3395361168869 407868390090
183347987319 -1673661296162
1363266219914 -1547930247
-1647847611032 -188244152631
2436579887468 -1101809871963
2132955338092 840313997523
1143939399779 2668503966372
-3054505961153 -2725943130
2674157218735 8736335428353
1848720038045 -10331035812
-3681453477387 -66248921366
-2203488553614 845744222305
3013435873009 9006345617921
518165756949 2447727372530
828936056767 696515328929
1070491204411 2532293692128
3108120662698 7275186931267
4961981066385 7306433219121
232104773766 -1694434438351
6688874094090 9626112193437
5999276456961 6174406916865
1898299253397 31510316006
646694255214 -2573260660897
-2854019936067 746172630908
491581896716 -2539799762841
332000757529 -3389066658144
2403258644111 4191824885661
4357348973469 5565974326737
5585414198847 5983936254473
-182882693760 1725872066335
1361739915697 112298076
-233598281977 -1695949990062
-2047645276767 -62357962
1013389179605 2545735250832
-1024944301411 -2575164859236
635202177997 -2541881471940
-2658870883791 564670900408
-1875215118150 31384077667
-2063494531369 -31395664356
1938902945418 -93024088015
834128063013 -2887229837150
2077955892431 32946212406
1980811723841 7770778914409
-1824303466782 -271835260189
584024050945 1729627496959
369835278305 3419372625984
-147916880485 1691090369082
5584934813364 4443744689117
1452549448907 9999803249091
2483913143758 1118870372061
-2330762450313 847398617648
1420435483520 125911429299
384026595826 -1727106173559
8745412706017 3109542256249
153198876097 1580694625465
-1021956945206 2572218490329
3495071576885 -310710727224
-2409429579037 -564214966560
1484840878686 4601919587
4350738773532 7700452373473
-2374588064587 843016952592
-3683962074165 125608204180
2506595292014 -1232982439479
3307926342476 250608700665
5364855366819 4299715080801
8631911154813 9034649888017
3152216048263 -94919556942
-1763869582286 -281401730157
89140754816 3065014400061
2513308465655 481219769496
5271244507457 9992797512945
2312717196132 -851162280707
-2561138382888 -1032083341483
9339835802241 1067973386241
-885843513248 -2731321006263
2559033756901 1224980014614
-3796713787735 8035381464
-1071932652050 -2531534614587
-3672378681363 -76879788118
-343951544604 -3382568289539
-1274084831183 47888730
9260291436479 8544298464161
-3379373425051 153420691734
1141892528554 2601141692505
-211258331744 3389117768343
-3370292294665 376529681538
-1525592841710 -3486961557
717486252625 9355779811700
4656249344113 4134201871665
349126405539 3377660249818
1614751614042 -252296955721
-2457567810729 -536960536738
3779350565642 -32673176391
3469906870677 8078329921420
802655360082 2918424651059
1636460462274 -271768481567
1071255384961 5720487400649
-1730059044863 387033639570
2258553153793 4780945631075
-300107038337 1601559586176
3537344362185 3840649393553
3687557382055 94129381290
7951503574863 2677676290133
1984939996994 125528510283
287038526532 3441211677505
7081757641469 9486941410686
2523949960019 469553809968
1436234031853 8161914030173
5783986323773 5239400427293
2118368037406 -847404994941
63686576045 -1970075701764
159792252607 -3378679794462
-466174918681 2521375529364
5044937973541 7725267636786
-3198301432372 -41879144391
984146055716 -2820808600119
-2437674708501 1093817060336
3015150990825 20872878904
-1552695394746 -394900757
5855287374145 9818500737185
4091297480353 7051931144561
2332476645512 -844575130899
-2595369551353 -561873909978
2995706040856 -1180880613
1811119138348 278936912763
-2300408916328 -937944483393
9945628549264 7009990768801
-870336581847 2165293115288
-1605126136745 -302821892928
3510814175035 293968187460
3427648694073 7313176484433
-1847948592667 9830532204
-1724777361156 -369037748143
-3699197992470 103441329503
224333193316 -1704568849875
2685133303385 5805547822569
9073514504734 2885261975485
-2614282108409 -1133334326070
-3449790638684 271964334759
1541773759261 -10455613974
6531782363862 9039370876201
-600502053082 -2646391215447
1559845951375 -278568656244
66347303529 -1421053392896
-436455152391 2531421482518
-2294622284911 762443480772
1868353421682 -32557137821
3042837548808 7217461837
-701194303856 -2546658877869
-1882705090579 22854593718
4483097097921 7596631350075
345990120464 3403232330265
-3330415931595 -291684756430
3553276840372 -1125597873
3484890565725 327620090476
3563570550635 32932277778
-1949371639081 -105732354240
-2502842669723 1223861436450
-1146891116563 -2448827281170
3764588159036 -24667353333
-3182493464268 -15057413
1821470867345 204278411253
692342693428 2552454974205
254495760778 1612587524925
3013718250860 -44812165575
-380171513713 -1713905223534
1007495791005 -2553095524292
-1591468926204 -310453511689
5492667140686 8869403064172
1786778273994 -303247649051
3576971662366 1983017770305
2099896072623 7613411844448
3596553653010 24957397
1489429686155 1572664820141
3414385870969 376457924052
-3048973091834 -10589520069
3219393902961 2145264655763
-3166158887740 8905889949
2327332213667 1501016062832
-3680821284788 129268716561
963997297249 60844257597
-3087391635444 -90511550387
-1609023737472 251047007315
-1304611098909 30204212284
624079751976 2553230339921
3081643402192 -94146367455
5651470718597 5148975681709
2493185603141 566380075572
2795055752824 -763993204083
6698566327641 3703107127816
237145612057 3295666582794
2304285180325 -940254981228
2417947594173 -1143540690232
-626684821026 -2548839515237
-2162380907039 -890295472368
6630574923121 2267558097417
-1873652085085 28299351348
532109943255 -2440746961408
3397374933446 -344785576185
1151328793511 2632541352372
9362163273305 9596980264589
1565343367686 -270806987743
-3459713428832 -282545914743
-176169789139 -1659709395360
6324386962809 9330940220701
1616855328374 -282773353293
2020027813381 90872100762
-964539071233 -2259868333950
-2709280283458 849857063841
1146030630700 -2447445243807
-1311032090215 32777689056
3413159591400 187041362213
2035969295728 -11622614787
566287180046 2653399865031
3172824692155 -9728556756
6538217793404 3439053244377
-1986753596838 59146200973
-2150347120900 878280647679
7157086238337 7274330395903
1257206311504 2552201817801
-3617011511033 516622050
-975068569973 -2814222982626
-463113798765 2573203801202
-3452663641273 -296510577858
973534605914 2266278975729
251470987933 -1608698714544
-247062601810 -1777140140241
525790009273 2635879381164
-2725735668577 826368412122
3176172153809 -1158005292
-1961927140783 -62240540202
-966905984230 2259824775867
-1816368893072 -270769196031
256162518985 -1610894629224
-3792664133614 10461986895
2024640278442 300458783
1434404914723 5777569052545
831704373723 2133892921510
637219594078 -2545362002709
489485577 4354322263233
7385516606153 5541756857557
2061869135858 -35169722421
4274197057417 2934814098281
-1030349192443 2583707214654
3730812165953 4781472367778
3202127423963 -17047069788
5949424486313 4453342297305
1320868043062 -41840887275
5703736594357 9002855407641
-1315671953435 21480648378
3660390469969 5089613938609
1203460086288 2544161655799
-1513874564675 -31381245588
-1447910389474 -83641550427
1565768918828 -273135678849
3776932805725 28028191686
2225580036750 -763993208407
-573844965452 2601141141039
-2697567016562 840582894441
-1849731090893 10455508014
2234439451930 -753149968839
1984458793317 6244819164061
6200764804437 5889936411855
1895378828161 8207316064861
3417491704533 200042346520
3259710940154 293913429255
1573902192615 271972293164
-926134918341 2291209535168
813025622361 151870015925
2014695004449 5053411112205
7469507050721 631245255485
-1545097081533 1291401548
3106515263377 110400488514
5121045557730 2414989425717
-121690209084 -3118232732005
3587524550525 8983162098041
1741919244375 282428420788
605849042254 -2444234624829
3576750324233 17423825346
5949848980149 3181335238825
-3499657389007 282826523664
626427058330 2549097261843
990691431317 -2540581387926
3503962512156 287107339931
-475234642303 -2584032482790
-3254119378367 -278957159388
1888231462676 31505882637
2321042176147 833800597740
3627881387798 94144615677
3398208050970 2436692292593
-400661437322 3390316161237
3172784112733 -11235904956
-1847716678999 -9254334234
1506797757079 2198835773801
4032874558289 7951470475001
-2385551411020 840314870187
-666106402308 2511322378075
482222585675 2507347318284
284121806407 -1555067520522
3640340179969 4609669709888
1964940458191 2392708593345
9920321371636 9319857510085
5621328500513 8472529280961
2401823409996 1128555880111
7958963655973 6739340824213
-142477943446 -3388006466679
4789024055898 2570936175389
736581249903 2259437906584
778847931183 -2823936624638
-2552815475003 -625300858782
827356928161 -2922322431096
442258314458 2551149453087
-2482820871913 -576484877010
1786518713731 -241003881198
1545749102233 -511715964
9174991251735 3271670204285
-1079857157996 -2542300545123
2480995464874 575458046649
5405565691265 688389263809
2017004764115 -94143122100
8737718412603 1783221530636
6515532549529 4576126434209
-2796582885846 930194644769
-313020833703 -3490102003346
-2593190360120 -1132822649223
-1345717202030 -8911659759
-318444250599 -1778470739762
7871187295941 5682169758359
3798493189000 6973398333
-222015488999 3399099765372
5685117677482 1244916327529
8708831848465 7987331267585
2174062278588 -812382502337
2661746672677 -564487352316
-3695200117093 94224664158
-2097915939794 10975546737
-1284081161038 -10446002091
6359228088625 9268179323167
-2154853024367 -880693041348
6846459574181 5595673699633
1341434871707 -382042764
3469054749548 312633983529
-3149316009800 97500862191
5320072722124 4478337474049
2489833940875 -1125026053308
2392558364629 -847245606366
2279503792323 944918023730
692669952230 2551793618601
-3311202677915 -282028025160
-1829407147438 279416215521
-3516216971245 296548348968
-780635629804 -2836085422491
5296563105549 8058889060427
1356322745847 6370383606377
1171119737346 -2445525140959
1520266413769 5289373864353
-478847240721 2573044389994
-3614319604 -3158276508069
3659364861526 62747238873
3260273171123 5150685717101
-2023981355480 94142968875
-3171787499571 9941667326
3415417361010 387020392661
2386355236101 840315099622
75124001842 1977136074675
1333667189748 5055104646477
5810592891001 9339195554711
-481572753491 -2512983230334
466656863057 752391390476
-390536067228 -1664052311215
-1396204078430 -94018767489
-3243288624773 2326121604
444879431219 5920626844385
1871987385672 -26854776283
-1366096493535 94015612790
3417014411931 -197326187290
587199511865 2632498315434
1301561809745 377854578
-2752684876063 -843928819494
-3772090593141 -31380882380
1944933746227 1830648761519
4957247829505 235826447569
-3753800769322 34882186119
2658991890924 1129691003065
4462272585059 3063051983137
8687522190789 1769349416581
3694888236140 94655658513
3234098791740 -10470424319
889435701336 -2358215755883
1983499364230 -124361718723
1010103936389 -2542247914728
2857499137605 742734501452
1901263022273 8100645542017
94703957645 1393570650258
8439122618969 9703554949421
-3786477766606 -5045857305
-281214093948 -1618386286805
-430524744180 2545348888027
-64503040990 1963061924229
885503529810 2729420541895
5101349446395 4368482247457
-1690597735823 417249896166
4421645570089 8313953893351
-3226941720077 47482290
2940110818042 850902959367
-3672047669146 -140635756701
-2241533410669 -942577555704
3003203395076 -34466310891
2093562616700 -3609548019
535791524038 2646942283485
-2462546245022 -596235331353
2301961250111 944905835826
2894002781106 848189399743
-3151411820748 -94170205841
-3325722806198 275454904887
2886579255633 862414640810
-1192700765778 2526772195045
718430852135 2836304339256
917260780790 -2258273932209
-2629681886177 -533503513686
-3310468463414 313696313757
6304732749045 1059860809137
-3728453936280 -399997691
2708063398022 850545695313
-481426658627 -2512766777022
429934827138 2538771766055
1387048007307 -94158059230
6355110539853 9379877704247
5076698967061 9993996987081
3761893766465 22202541618
2573254345871 1231437789756
881265593781 7185296744733
-70799933978 -3671196531753
-3113834563609 63594532998
1872516182139 6162242162173
6347866170363 9046884293795
3457186379856 282429694267
3755819802911 26717153040
-3627549227405 -93731659902
-2825779337918 -798473570961
1344333267325 -10637834268
-3751732898067 -32785697294
1711564988097 6250970057869
3756637475981 -34853494620
-2858925867716 762401007045
7778788702189 9422530891961
1426521949931 -61742756844
3319141910529 2857343093205
2253009478273 6736110260705
-2328442953823 -847403383200
1652698128402 183882994583
2400459605581 5163836554247
721503773109 2265271572872
2664985266797 554800607172
-3471763708672 -247160099529
2960174080297 9633775185825
26899241478 1517125278853
1715267383140 192940186573
1795588172470 314586848163
2815873340284 -910053917391
-937138990945 2803503874896
-547767459584 2448765186081
2826158544217 774061160088
1489341724321 2467120535313
1088106429931 -2638337230494
2955179080283 847159467174
2255526701804 963643896387
-3486880700308 -263060126043
8389688011985 1483717937301
7199108933117 5693178380617
1509343415152 43146986175
-1184973195889 -2543070976698
2894721882405 847297999124
2527688820407 440503451388
2062381145554 -34916443473
-1023011382806 -2510499117003
1622500109814 286217647687
3546375192201 15112062836
2456515646655 1101780823994
-2539221773959 -1244782036986
2812935054346 -787982963535
-2234863194219 752355765902
1392906711878 -90689816193
-430440169600 -2538470254245
3754969755044 36042683913
2116821737126 -1273840047
-2176391768749 -812463995160
1862900063423 -3488576232
-690753742145 -2547763110984
-3293548886137 -299872964736
-2329951525214 847217758653
-772740487765 -2821194395400
2585643496286 470534132565
1130430469463 -2618705759856
223920580847 3399442788528
-386022420666 -1729833074633
-2063419442090 31294904961
3801341800219 10583116146
40734754192 2116949613155
1513115553503 30647496096
3458073101198 282319594119
-1174437333798 2447737760215
1507463405763 -24879489958
-865840577164 2730429598185
9957785979889 960301932131
-191334747175 -3408784097490
-2821099205307 772904052710
-2608100069444 -552683221653
6261701036609 2356759723089
-1918742510896 -10072910871
3535104257985 4605913934
3199338234172 -17263409127
3584999753730 -31381066201
-3313018001924 -281262313491
-2683893585678 -847283883067
2086243703207 -31161036462
2578189695167 1025114592024
-2975491466470 -381929457
578025109554 -2416154533849
-3196524894707 20932932528
-1128493636448 -2618314856181
-3225863597442 -6370739
-3388574892727 332406772896
1130504090493 2618661873322
4078905696457 4779540375193
1455098294475 98144745964
2196673632361 831860484540
2481240280792 -554791369419
-3229256393135 -11623089246
2183103211316 -846040962879
1961860931654 62231720661
3599199946542 -3358254169
4289705565 -2991535243894
-617727089297 -2537202965004
-1628312337276 -294521590081
41269100958 -3763397119639
3907765975317 3879988272497
230129209110 -3393482427631
-1272912159095 -1162793424
47249498651 -1412324121816
-2503523333937 1034116161560
8518006946353 1323924330113
-1437825182003 -94573652568
5079877641362 8223851756097
3753379229409 -31495319212
5739636712713 2550643896787
-3770581992555 20918560958
-810306567654 -2165277683467
9883273407906 2749102816809
606475598657 2816349391618
-3010895963649 -38383562498
4891844572673 8137947915428
9711556968249 6373489232973
3554106594109 9288378539853
9597273806689 8828147835185
3721273354409 3416637536145
3020398609733 3420693341147
2990990243895 -3486784400
2974399796353 -1560960018
-1339658195215 -3606358698
-3320618444486 282931767939
-915250625335 2248975932816
1220981328378 2520961036645
728311208089 3935951010415
-3638313692280 104458822105
2849105016082 751900257807
749114799792 -2867294865977
125258509510 -3112493259627
2502690933890 -470854600209
124330181962 1962801871101
2814479876309 -913484880486
1691449388142 -417386872601
1139271376261 7245000032449
7556253710081 4925364439344
6842817486029 3161847108257
3099156894853 62762630490
3603909494182 -10432718991
85034494335 -3134231748496
-2462038711645 534552589188
2083292135253 789641514777
415744436599 -1694436920568
-1464932328577 -2323394766
-449488373808 -2537203987781
-1305153153563 -30995409564
3765293328305 2585198525579
7527153329425 455578866273
3122683624910 -94142995119
3194558779545 31422337864
-2226678223209 767100714794
8604383277587 6521963658522
-3411308104113 -185182453774
6648785615241 1059831302081
5276813410928 4173757977137
2913764230221 -868468107970
-3791006455435 2106
-1807019720777 -282416775588
-667467326408 2510620289199
-1509661047529 -40243369722
349669177821 -1683718282804
2955890301947 -847350965670
3558693639499 1627598628245
743466329652 2859264005453
6219668230627 8900115688861
173743722017 3420521147742
5245135623397 3427274064545
216190698545 8842482680324
9192158547929 8653055801249
-847369127209 -2965303668222
3404003628080 407987192331
-1805317932033 -282557075062
-1494598480945 -35250482286
488559282324 -2543157221401
-1508598189323 42314986014
1814380120142 -282831251457
-2767272947210 847672318593
7933993827987 821909422987
1677752779671 188300535950
-2368439302752 -815864500217
452254135960 -2542283659293
3787580133363 -3493181314
1212393422864 -2569372308495
-2724097240256 878620257261
-3141948953162 82391423319
-1803447462232 251236626657
-2395533319055 851598043374
7467588838865 576676589425
5144317895819 2884127732193
120790806177 4677495672276
6073585055033 7409594208667
-685123794529 -2541865244364
1613157616327 -314327115108
6432905998401 4889062490489
2448120385786 1092696377373
-3419307418147 201846245724
9514377177580 4323255720425
8875712757479 2977850929110
940577118323 -2785955636430
605540361066 2444010946973
-1727520209247 369766788794
-1112022029283 2446531637734
1541561478913 109593728225
-1837018697467 -1225489824
-2292391840223 948276292752
5603213844241 1607124489849
2366064633270 -815917892237
1826515309897 281288513022
220056853533 1709533582390
-1904023818059 -2365977510
65017131258 3661506258407
3281263644974 249890493501
3116786516371 -67497736236
2145890760274 -850646373915
-85388174122 1949117438709
-3671017629562 138323426541
-2210280843747 846011497690
1879418404279 -40927282266
2661651733573 -565251335382
5367711191557 3162400570220
-2184210986399 847288570818
1137815008336 2667632365479
2319198061134 -856582391251
2406778994832 -561315476969
3296111939703 299348686546
9711512403125 8379306191793
551730042392 4580262414097
-3523737995288 285874920975
617841192643 2545352593794
-1030875585092 2520428618865
-2471376990117 564729940574
-1381570174818 87037692851
2739568869761 697499169265
-2793364502291 -747203194074
-874653479727 2176867366156
1355701349121 8478458589161
-1058788856875 -2542124344122
-2124841544560 -850770630231
-370195850511 -1663210506182
-2542019666139 489697903040
5035613100375 6970207808753
7644785486509 6783084753449
1997676685409 -91775412342
878946171900 2368645763975
99560432908 -1380608262165
2098530418685 9240715872
2939701823678 -851817609369
2295361950915 743070902876
1937880554123 -94301375634
-3586537195212 -34863051511
-1045815091663 2508172467984
-1287689452968 -13561462313
3741487279878 1533214115
319857066360 -1600434040331
2410700559896 -1129349847843
-2736485606057 878696785818
8279630531729 4194933904929
1703801603556 1549467142305
-665331786615 -2510432513272
-688419362501 2531530370316
9762271484546 3596648302505
2497940855486 2141762887910
-2986145985340 10476296643
6566342317201 5585076222347
751455477875 -2304807890184
6887065795201 3322046179312
1217352143995 2574410741460
1500256740618 31381052969
1572856948099 -294048076692
3775918211687 3886416877407
686154785279 -2552198578884
-2444094937227 522199765088
615049569263 -2541875396454
-3634165500665 -94143159486
244017818001 1598752029544
-1856776259724 -23710249
-2432824242711 1161083144078
-2071718050346 -16271918367
-1734602587495 376530180426
5615024268237 2981576786111
1834136122328 283969055607
-1129321787680 -2654434591575
1630415806453 -275412782472
8490313693241 732414935553
-3522488270302 -282558518907
654349016963 -2562498159102
-287072332298 3525369163071
3590178955387 -31912125876
5875198056369 5876385187508
-2968520262412 -385819515
-778041996787 2825462468298
6802627784636 5251882245609
-1188942197255 -2532050644422
-3130403795538 -94028780503
1093204002770 8693187578921
-1950511997440 104560511577
-3506523523262 282729857511
804298700816 3661427187092
6365412403106 2564333781087
-954468952232 -2290788652671
3106583737439 71333265276
7170355239720 5040035623849
-1491825860199 30280956808
-2307902806614 848567306843
2815659723043 721807413360
3247188349847 406571940
1045441104985 195622258144
3664038525537 9504486353225
590157563189 -2636046719082
2762235595948 -833338277343
8558364729540 3614853233977
-332402762114 -1694001680457
5275842719137 4953570856670
-3364590830135 -189841374108
1519792794359 -30092846628
-3091680462945 -125911642078
-1323519413099 -31367772936
-2350234067500 806958372075
-3225340622229 -1549673290
145468168769 8069691782691
7916805571975 4943339733553
3400072908591 -410273396018
-462311674228 -2510529173655
3137465083812 -101146337981
196914885318 -3420534629117
-991659384392 -2541822073011
6626141459969 823314048717
-872033713932 -2917132851635
1126340447342 -2404374594975
7793651412437 5254136801579
1833234892257 282542534432
2518489305780 -1035211695461
-2535952878085 -627238559520
8838527265707 2632929703421
-2844537940473 -749658764314
2793482462626 -954216485073
-2553623459056 -1000290827667
1383398075886 83668499641
2278438392352 -753233120559
3941929154465 8961218748929
2153287144009 1385416321873
-32800217527 1325030155734
-640064683418 -2541751516359
2453485565292 -533981643085
2385857222316 -861278737657
848151459518 2712699130671
3458264430311 282472639824
3000083851227 31383596456
3484822643610 327888468145
-1164033457393 2438438846652
1066621253544 2526887517275
9230055803713 4891889643085
2697138291723 854248360456
-550685357532 2666228255033
3127019552973 -90700793516
255704491425 -1777801028176
2751556785292 -849613134567
4006200162871 6384862042689
392522815069 1694577400380
-2587681308967 471881520666
1636805454578 272084488665
1410626519890 139606407873
-1489054853816 -1161722775
-2899524806812 -847293394521
7596645235508 3462202377897
2673939544784 -1130736126633
3750097252321 31352362770
4409146625617 4996720150553
2042904753234 9412299059
-2541250173004 683413994241
727967093188 2259535146471
-1893565376024 -33748668945
5874198612071 8035333929973
-3447451488261 271581767900
510962361268 1504525894693
-1023306421373 2510461934256
-592221198879 -2624338478948
-1779158640643 310351092084
901720278091 -2259436803846
-2562883825195 -1226572920444
-1214556369568 -2514516632037
1659393253352 -388192320639
3024021025491 5905186439599
2081915790989 36043036974
-748252732640 -2238478916265
1804577392571 282304647918
-2795156627155 -743086925514
-3797862219264 6888006773
1952229050545 93153163536
1042463517983 2512025004966
2510893164981 -1027524701690
-2616380263867 1132795366434
-810841292172 -2907844089293
-529997875389 -2457307722292
-1097343464703 2434177321388
-1677380679239 -377692500942
4776837791009 1798795571701
-1974711621429 -51788342468
2646028297192 -1096141878981
-2688351452422 845461537191
1336850516687 -43202970
-1137126879772 -2478084053931
-2204360967713 -847419522534
521669576355 -2632131652906
-383859401612 3356611120341
-1123265028125 2603494345968
3623423869473 6779155611735
8752990763937 7606737812698
1313210889316 42190444869
-684356462325 2541854670874
6899903232049 3158665957852
722725834194 -2817315773033
1402192669313 9558795046745
-2849000193454 -940282279929
-3524208353475 278947514708
-1728636208920 386905774423
-1050403388779 -2510484834324
2541366501028 -1270394809659
-3445571088468 282386155151
990173318944 -2540311912341
9219041558149 186156107665
2799772639634 -942253041519
-736119144584 2258446344141
3941700768035 1617538752885
-1763458552945 -282443291898
3772885219881 29835983582
-845460583497 2332701812450
-39545774717 -3200354117640
740391626470 -2228576573673
8335981075528 7825595535409
457375207747 2510470590498
-2107847178025 -43131996
-1360310929440 4649268025
-1834271469114 -283591856753
3425522038588 198631743213
-3630165619323 91689339394
1723596958888 178069384773
-2847304843960 753145964973
197535912516 -1659954933659
-749308338808 -2804651887545
3169500046246 13339701105
1418120829046 62376295215
8870480335745 9265175409528
2005856574520 -104603297049
-1636597297923 293304439898
3061248257243 93324260304
-74229307034 -1408273477533
-3471362120426 317297389239
4496054913613 4406423711673
5735606813201 9630213640933
218041756974 1680631799639
1318164253405 7094796758631
886679359589 -2918080292616
1548412506110 3527482899077
6155993038563 5060642475945
3409443332692 373122424647
2084379479145 454335705924
-1778863516383 247580844796
-958573738384 2258272969443
1685263539295 159913820544
2832001789052 -784416691989
3062535190385 94399327638
-2628917067833 532746212538
3304603067525 247561611528
8605058022059 1700775754612
1688230523437 407912302836
-493397077146 -2541881830879
773013721277 2821154076252
4250480214405 6075685495737
-785643755586 -2838519866663
-1285913854043 6973049838
-163957848202 1695337771785
3578850881592 38397753865
1223624620237 605121426651
3342555747417 376141795714
7218424677121 7713460218437
-1357168062453 -130918384
3436730906079 3410341156339
-1806254785841 -283973137200
-3805558346301 4251284
-1192965545672 -2547676958511
-624356042367 2530258212104
8772725267371 5852897826737
992975030812 2538288222909
-2489735673834 1134737251147
-3664836864243 124361644304
-7435681496 1473747028365
1878464798167 -41883745086
282954496347 -1742272985768
7024868789105 9877213563027
3317620745592 -278901292961
3196316482125 20532688786
1092547248695 -2636224241244
2417970238376 -1115785363707
2667691889423 577661664054
254908380753 3471854275510
286083263518 1560155241663
-3133442410256 104384525841
1353557313967 10474853778
3671166963227 77737553604
1310421059169 31381066576
8385090808248 7095003092561
-856071779361 2890568891620
-1552464353857 -4763934
-1523507181322 1181376657
547933503057 6242806417729
-1738467831839 -376615945980
-808312714197 2353581298736
-152569619303 3378689220474
2815242563458 -976251282339
-1279014450270 41485445
3583668272475 31503131396
2123349042820 -849230494857
6870565602233 2831564167621
2335207785098 847290182589
3026275474869 4060101390525
668698488502 -2576905852635
-417867541710 3393798700663
-1577263864805 -282042621444
6846263083453 115192857177
-2171387267480 -878671290267
-3261501474001 271970757198
3261902682155 9305648279737
-2408244104601 564357754240
3383969808826 -230085806793
971617692393 2810863351276
-2880696684459 -847290093040
2247034024575 910150343678
-166267201006 3385410077289
1620053806272 -285483846043
489552922245 2541909406492
3526081430569 2598964483143
5826664793001 6141864695129
-436072868590 2530241328789
-1631937798400 269228876787
8891715765193 944803488393
-3691215500820 -97266451753
1332022327213 29826456534
-924840741312 -2259436193431
-1669052423682 376075293089
-1799612664227 318320345418
4921361508089 7493382712493
-2186037988878 852339241729
-3531545763233 1162261458
-1546097115618 -4782245
1615892502567 -250903924732
-2601898491261 1140264887572
181144946876 3359310305319
-3344866608657 -188630672374
8890533037001 3123567013720
5101654931464 2109992105369
2350737473051 -889163444718
2525210454374 659188553073
-279441253170 -1580632331641
3303568896875 -251177549172
3190183554275 -33703981824
2195405040101 833728201236
-142967784633 1693111351274
5412445738129 4565941369893
2982712314085 725219038713
-3483793944898 -245280032577
2276462452149 940097340866
4911813708155 2782612109505
3138131718641 7211783235401
1744387549961 -282025987632
1795530085541 250273686948
-2969175097355 3405445416
916278456206 9236584422109
7050894926465 7747528599065
-1510893357007 -21422913048
-717222711282 -2269509046415
3751351373313 611870315265
2789849772279 -952925774288
2032420635626 -1339545519
-1433366972696 -89479604475
-3355076660804 -178002935643
3195738925025 7557282435041
2665252750380 -554779769309
-2749207659139 847281723438
-1878014983539 20916459226
-2983385288790 -10890820409
2719359740837 -883194204636
215077289166 1705291780651
5649383606993 677840280337
2734084796641 888101525106
-726636829154 2269897176159
2420504492765 554394446370
-1982534889217 62761940244
-1279598710337 645168480
2880195099877 845695860402
851776205514 -2374887577895
-2874813213655 847286481570
9481467090241 8523842864851
9595302438497 2867270511719
-156282599338 1701550848771
-2973475697530 -130582863
