1400
-863561094131 2918634618384
8547782342984 3594944223901
1453644337153 5381067273573
2272162277987 784272468198
836934050373 -2386899396908
680261167414 2537072761953
3099621896399 9863139064269
-2884127611291 -835651473084
1428335749992 -94545003061
3748314051646 1464120657
1604405879027 5804425990657
-984925089066 2827786479551
3734007455334 5954816087
870433467209 -2918829507306
6718069178611 4939256942231
-420455803669 3389156058294
7486717998129 3050823645651
9843451179103 6766037628745
-1696958125488 208685562725
7453332088249 7431346832872
33009439043 -3019555468494
-1026014519854 -2514030459693
-489362282099 -2542396736352
-54419056002 -1412147033111
241450437618 -3486764731045
8974182012617 9882506136604
1518883151173 8279538515307
-1713610549961 -188171586042
-1790234266794 -257892846785
4796666395009 5526384482525
1452427381035 90737643892
1843248737905 4267232876081
2561104301297 1039033587294
-53496947800 1415891389017
2832516397531 722142186216
-732116188170 2257456654469
8030508739937 7378536602467
1943953686439 108119006946
-3636827679287 -103872070188
-3175435213105 344885526
9178874257933 4931527787143
8388192479794 241742357681
814236452919 -2932342102726
7169369778065 3993534079529
-1148735138615 2447849662446
4650974674783 458982738721
2513361664844 669462664011
1964489995829 -62803571616
384661819567 -3420779612178
-3760246351868 -31503624921
2168865362401 804683522232
-1825035542548 -271974005613
-1244193227612 -2545355975529
-2175108874656 875245242583
3683324735576 122381237325
3383258835929 157312440846
-2090656724772 3428854865
215286799213 -3378735378786
2428760275167 564687004150
3457917102848 -282816777663
498260135339 2530128460962
7397478571033 3562427904577
-2854655291752 -767441751255
-1890407573080 30218739093
-254802678358 -1798059941847
2819832674117 -794596687002
2591777381137 4470706038161
1169421030999 -2447341744106
2431885931091 -1129601763284
3282529928881 -313829728218
1038000159997 -2499633255960
3238200924162 430911253
-3774768641005 -34835071806
-1887945095996 41702719857
2412489389765 -553365593838
3237791243599 9399651085085
1029105566436 2511694899145
396377388661 -3385424113452
2370927205705 1126908191941
6515101026349 1011803474681
-1962725851029 64053631396
7193126161225 9311926720601
2608912057114 1119386345313
-2547294441659 439407805974
-397973846013 -1692238570118
1291248974462 -10200480579
1326717670319 -31380587220
2790236475679 763733323098
-1082759648921 2636021702424
1593324959541 7782729442305
-3605383286820 11864953957
-1932343503619 94188331548
559622812698 2604623046403
2202989560256 847326866391
-2096319969282 -177146729
4823179832239 3215181923318
-679335852139 2538383820552
9567458232805 1172826199043
-608635131173 2636195483922
108591374694 -1379566097657
1726152799529 175501188540
7086773298545 5350958801681
3091358322920 62795770695
7220972741753 3216991331065
441517697332 2551891449915
-24232198008 3764192174317
2971985729451 3114250120
-1702548569424 -408340664711
-1606082754840 314197189489
-3691420083344 -97242719895
598978604353 5678761197217
1164720911081 -2438840870874
-3153454341813 94188410330
9573561408079 8986571125477
2821325158928 7359863044253
1431541741592 90527173425
3482341529258 -244073077551
135503627419 8760713843265
-2610498583956 -565380356797
1466956288719 389190488
2481591360085 574933835466
-2984826043660 -11279322747
-3152573356580 95363065317
4122065166171 1657991738337
1750798365862 -283443387885
1505797727504 46489040703
-1171559306141 2444831079024
-3433147237811 -376950549420
-1842663319826 3473834931
4854416149169 7564184766460
683614738565 5554342261953
582302277901 2735560030199
1952885036788 95300657325
1491882734784 -32548653721
36007334681 1516493104074
1423731614853 -129514808908
3909546789333 6572954902753
-2282656773199 -941690046240
-795129590166 2829291970825
2595262506449 6781462185707
1695326045649 9125344928425
-123808310479 3685545460848
-570883711649 2604618379422
-940742858159 2778949059198
3116946044370 193504066552
3783831768603 -236894
2073189854573 7243945779553
3600125067791 -19644444
1691348410019 -417283773066
3588574824844 34874164593
-2098793167087 11579508792
-1031985367470 2564340999091
698293905039 2541867421892
-3433443179597 187869530766
-2033309324235 -1104852718
2900352678411 5347884176919
-2412480041523 -576314820272
3532710121181 5529074683393
1094393933932 2647631629107
2954908626692 836700021513
3784443431585 -342543978
-2853525023846 951514267215
-2957617695921 847431573902
199980142096 -3361644571581
1326066102611 9469589505937
-3141380841738 105780674017
-3330141293278 294109490643
1992330976476 62773292629
5936436809887 5323220831417
-1473172311992 -13942356903
5921541814881 7671825668993
3437638092077 -283725701478
3805878783375 3529352408
366387981799 -3415843870380
-3006544149819 31381591106
-175047959625 3420535554478
1583815636124 282549091035
1031235316322 2583707765211
-216471111536 -1703875317183
612540995604 1882954495241
2878026491025 3330323474113
-1731373842127 376744816818
2604394836789 -579968413228
9031278430049 5997177856561
-364805638481 -3424457531232
-3670264034823 56179639232
-1609607833816 310683392415
-1715160414634 372038639301
1434897499061 2714419938228
2728204213719 -868123242082
8596496708993 5979141121883
-900854293010 -2820425998779
4885706893473 4328577026198
2418574522345 3436702946017
-2734788749083 826157452644
-1695020805936 141929763473
3486998128490 -262660817217
1993069453530 -94128296293
-3501649654773 -282393392014
-478921434406 2572864252839
793896449681 -2820417459354
-3341048446416 282429712927
-2278856827281 749801780918
3011698346123 -45370732176
2038190830336 6838101651
2042741618521 3814046286824
2384258318848 861230933745
839633879096 8927708483541
-3134231408953 103634224968
2659948060939 5021044878001
3187827631775 31409560350
-3291549486058 324916475259
-3798986834390 -10326658977
-1324132480379 31386019482
-2348151069032 878599520787
-2614270367989 -568206263352
738502606568 -2855661898365
5805447632369 6239263038103
-3015642746262 -40820699087
-209652324690 3386707329115
-2528925716876 -690770888631
440927983199 2548692698058
2083515887848 -31251919527
1922160123335 15883920
-2874559959143 847282286838
2534678919185 1254070537524
2688656837298 852057768259
3520492277073 8778458388961
2887730574497 840319842588
2752786141894 -850775406963
-2658540314542 1133075845575
-3607258642078 -6882711183
6641811724289 7001427742153
5160158492209 3045630696649
-1332962268120 -30993028949
319574698498 1600966544295
-22293705659 3580914844710
7345646373401 3116837725795
-1346591036421 10446005912
-1128172964267 -2597466250818
2354728199547 802266522220
-2056049477478 31597886077
-1714902862508 380059443681
232751934818 1694586255567
3870374931146 2054747568269
-2536289554549 627619604418
6042847587272 4206361313041
3611109171717 10216205354
978207727124 2824159847193
3258331469696 282372138657
2242835706931 753269617224
3516445339255 -292879851864
-1688331101077 -345308039574
1238473285687 -2573288773116
3203390896998 20920861927
731670273665 1510968664545
-302554486535 -1596775659264
-2003522809190 -104595626835
375663896232 1712070504089
-2470503610765 564860667030
-2399922392319 846942585188
2712670445787 -848724444962
562259049162 -2468686396553
4639428450433 5324440115841
1733156968393 533411028737
-3114875484625 63315368982
3113718155969 2689938817339
1280862726342 -516559591
-710506533818 -2262793933827
1926325372636 3482114295
-3043630375432 5677380549
-45224646624 -2071925136097
-3618259130277 3919042498
2407293568326 -1133162440543
2179071164998 -879459214227
1211165793292 2573619270363
1797748318433 7562107748969
-2436506669675 536876401158
942015169729 7023549512779
1801125356281 2191447050961
-2939656595386 -842653914399
1954087682690 94014097713
3702849200237 78684395328
8258683743949 6057250624950
918546682353 5857632897795
4322994875905 3919715229565
-3248808395957 -282426522576
4559626641729 1285412999113
3571309120097 9212772694881
3483638506409 -301169193228
1347274112370 10450610459
2362733460605 -881722968192
3472340974755 -255740740372
3617392905923 -144374778
6495284680717 6666400838401
-420560818593 -3388781307140
7699865913553 5495678876161
-1225518880703 -2580263719164
-354908207776 -3385801581489
9211994099269 666394859560
3159572836263 -4644203678
1486832060089 -3496881480
-2294937583895 -951853700520
-1724133711442 198708447105
7776233041042 4579985681265
-1474259855202 -6917863505
2193988517489 857619822492
-1008588309332 2531376599931
-2303197323982 -941344965711
-1111647352774 -2635967496033
2744111469695 880386938730
3707297683644 83676389041
-3413175412405 -187200558090
6894025998161 6913919225698
-2613418534973 -1126189679904
-2829852861308 784470682011
-2287156839440 -950362280289
2476571616714 -1119257790515
-2453819486483 533483327610
-2615839388271 -561242144650
8405388055489 3188162766093
3047398584774 12138473285
4472575232537 2150576342705
171303345762 1695868620517
-1687996563599 157994253108
-2637246023071 -1174659408162
2667962655473 572989568976
6977227254770 6086800812449
236070671701 -1600104073050
-3722797426300 -3094751313
-327538960342 1789896922875
-3616319934759 1118453588
3514953906690 269601817015
3168369404225 3835826243773
-321825594690 -3294580856825
167348544112 1689454665651
3132592928913 9568833836865
-1338361732168 -2310230889
2617858920631 1129593794976
2157584204662 816022427085
443734235193 -2552283132382
1669619704468 -377733094479
2615704401411 1133200199806
3252980674667 -287466113646
-2752791425587 -850761576294
-3196239440856 -20619380087
-3673691551196 73213452825
-3080694630464 94148513733
498713177127 2553875860834
-2549091334282 626429878605
654475664229 -2562456490174
132912400370 1413435009897
963204054963 1832050666369
769037655239 2824210040448
508814085985 3226306258049
-1696594438852 167380000155
9201721020521 567423077342
-3024844492654 31408182861
963365441911 2827437889086
606988156907 -2631353642316
-2965041350034 -847632976919
5114570677873 4856264465089
-2815250237303 -913478260590
1497686240465 2827826652781
4313488714625 4590935704604
-2694849577749 -856470490556
182352814345 -3420205571634
-2540631038902 -621038232459
515813881049 4902496728065
1205070063007 2541866001588
3532371590464 -1108133217
4732383973857 2631131510385
2731642196725 -823005414582
4879112363817 6221013716733
-1332906096893 -31380825330
656427524799 3764803332845
2488647552859 1126183000308
2469692898734 5737981719202
-2164507477896 -802046564693
3372377220875 188243790210
686457330918 2551034779901
1200351731177 4113265100561
8715094190993 1266472924037
683825945123 2542905679032
252155641607 -1796205664734
1197898047833 7939379624385
-2155016270123 -874407451002
-586281966094 2452324810359
1609579117908 -247946816615
-2109565701249 -1678697434
1629518562333 -292625311118
3768913645925 -40669821630
5791106663381 2336758692033
165062917966 3389670891279
-2104200411347 -13905094824
1208139917444 2541866890485
7837308503973 7362096903809
-790470175404 -2824740889505
2164332560686 -801955641411
-3015714447026 -19886534589
-2188724861920 847673490825
-1696931044916 167113925271
3112440095724 125913438937
-1864515224105 -43118160
69443130726 3105561046477
-1150321313054 -2450042387829
-1340435064222 -3372702379
-3443306886435 -282418435162
-3712873507951 98792738640
-2628987952679 -532041469548
-100915513438 -2009546927163
4077623261971 7685522702729
-3719944807080 -1164374297
-1987691326627 -123201153144
1483458602514 128779309
3702809595865 88719285654
-3385736302099 -336280450716
1628998708685 271970777808
2502513254912 1223473366251
8034647326136 2973646423041
1423795536426 65990621375
7491727908861 8055374094505
-2908503312982 880951338531
-1018212375637 2540309745252
2368018573941 877505873176
716593034829 2834698334696
4634719885387 3449615499705
2696605629680 2931363804570
-1932296508665 94147935540
2250100408814 781310932701
-3540002216014 -47895675
9855538246425 7626791029121
584806627451 2639108194650
-1150954007916 2445404621239
-3439107535040 282173401605
2705889926110 400689598875
-3677179653518 125513082333
-775413526389 -2263306205836
-1056736498354 -2544233043681
-2109293889189 1150035400
-672257651238 2510469940939
1064268546357 7038944460625
77489459937 9715717166965
-3402732789457 -346527875520
590731670956 -2447731854621
7488269606017 473753774623
3334202954977 1879156191745
-1530774127427 773245836
4208040629819 2399843226633
-1558865090090 -287117849205
-2203532310631 848792055942
6007151133053 4179692757757
-1014161732545 -2544188210190
5551793290483 4734744391813
2227237270434 -746024474891
1449243349544 93755515581
2444418531777 684680853241
-3489826477318 250018012773
670342714637 2576735620956
3299063754650 -325418867361
-596695432319 2623224128592
577357659015 -2479106965798
-3215150326016 -32670847479
8796752641473 3040315875137
-2056950020898 30277726375
-3686819964997 -63206955234
-3482427699097 -244076307750
-391170077540 -3420505730127
7572031933145 4976518601450
-2328065880733 -847025623452
-3263282438157 274408032472
3115833023995 -65862033516
8897935386593 5162014490159
-1305641916190 31251387999
2517698215182 469595148407
-3609339147520 15045684975
-1438799824440 104201164937
3501413605929 -282415207256
-2373960976494 -844964086987
487066442597 2542253274852
128185459041 3661252732124
604971143609 2444236039332
6054653315541 5104746154181
1046740039169 9460287088393
6056233494961 679315978238
-204330574667 -1694582117280
670126488024 2514014580077
2371899191954 -847331675847
292893564610 1633910214891
-3752664146514 31422590701
-3353894214822 365019791501
-3185858370795 -31000017232
280828346233 4881791114733
-1212769337422 2576779906491
-2605002823853 -577725788748
2799738682963 940699996272
-1823314733882 291679717647
1117293884569 2667524016882
219008483287 3375254970216
3734565398234 -12768965709
-1111893286424 2446660886517
565302926523 2408081409640
2245135892833 9032413565937
3252842395612 284624741493
4483085317545 8921502834287
-657375040818 -2566273482421
3058452336360 -1162184923
-3623663616238 -44109843
587901325987 -2447718043434
2017569475290 -98056353349
2282385371159 -941444538480
8496114116341 3218930236059
-1646509802872 282295121247
5197543979601 8960179214641
2170283305620 805562333531
4151643944778 3453988917969
-3701659454289 80543109388
-1518741572025 31508622836
958981660673 836484547365
1976748694738 54677845197
578748942966 2605534585811
698223110466 -2541881646901
1172233967818 -2632529249631
1918551181768 -10350345267
-3293644051251 244073374186
-1533160056683 10805436540
3556444133976 -1935691829
-1329530893464 -27505437553
-1701356307771 158067146096
9253329988852 4663293159105
-1431866076922 90384237111
-1884919480533 -41882884654
1789798343563 257624447532
3394413933732 -407954378261
9347044403905 2265174511713
8886183467229 2153806679140
-1381976235296 -100616325573
-284676566870 -3524751613323
1586158249586 8476977130269
-2771904097163 -842267030238
829343400649 -2352361224276
3732299159329 453404138417
-3513803622639 296379348058
-1252825230572 2552699850087
-595185170353 -2455083479358
564270461280 -2486083655911
3622285544604 1160728219
-1974511626351 73620228644
-2443906284577 521723247030
3783373439319 1176610768
-2603889372523 551026726614
-2531376915809 -999796229190
-81302074428 -3075606902897
1589376930941 247575847446
1588449326656 317168712477
1638681799886 -283979572485
-995583706878 2541846637423
6827219770461 9770328818233
-1420169793448 -125088771717
3697623727001 -94128888990
-1910099966178 -10422262171
3441847673441 7846481346577
317543642307 1609693809070
-129152264306 1985965276203
1569168971384 -276278642613
2976152509831 10288382616
3762806712008 22068539145
-487134875773 2542296278004
906154590310 -2247942816045
2776074630245 6979165337005
641310115442 2540681578773
1332786323283 -31251919454
3578480547187 17764471746
2282054986576 749616485475
2809631446342 -721890323253
334337065011 3391321121024
2545189132145 448245448182
-1667705809140 199178822779
1496174021328 36149618359
141493154598 1694596852345
-2259941450913 922793109520
1638295866502 -283592808369
-2905247615677 878498898696
1022386228021 -2510575465800
-1818616813193 268482340098
-1483516369337 -14362110
1607151580164 249948374429
1849198708385 9966966328449
5286129086026 7334012451513
3113033137571 -62720489754
3464889782094 282811635241
-3480174570903 302060980052
5975782734582 9714921031319
179112289377 1659377701016
-3265825956799 272292763374
746531674373 -2292113656008
2202631693543 -846858338958
3588272762759 -35862165744
-1489341891379 -1162254258
1421807873404 59146785873
644950586231 2572473582960
6947476262599 4580613970869
-3101124943460 125538525567
2867821603219 937973633190
4035682927212 8515143308309
-159251569573 3378952194336
864264877460 -2352411718383
1848759267214 -10288697655
1841651045058 -3529870363
7301291110881 4383558967073
-2052446360245 387605484
3852556435323 7353954512030
656606006964 2500408948927
7005613960993 108254160641
3183823705105 1324657500
3354917592286 177865818783
2593054273697 5481638606853
-94759436625 -3145076347598
-608120534032 -2444203808361
2394161250514 851163316605
5290498229049 3320671964549
-2793574934209 948355755276
-2826732318390 -962012929883
-1359145220331 3486775726
-1397791720563 -64096567570
1355439267885 2244212207633
5935645474817 5544350745617
7849347679457 3275458005761
-2690072490196 -847273492875
-123699286031 3661080338376
-3537877791374 243373737
-2436446008716 1157464422143
2391563146605 -845959163248
500543457886 -2527846945545
7825787322615 7958476406529
-1381814799514 101464265079
8169475658177 1359853597627
-507005849145 2531428740404
-2297041784987 -753273972270
556498662279 -2416343709106
-1700790110150 219843402957
-1579760556846 287121096899
-1072282753492 2541865296861
1540753442783 -9125885166
-3637377941173 -83721679614
2967498524600 1613766294257
-1732733938313 187123564506
-3618918723681 4521907060
2645114237977 7049163307625
9800507469853 3561128143679
8821797513871 5246873440827
-702878365979 2541865868448
-599249266852 -2457007999803
3461868505891 284710404720
-3179246734214 3486725439
1099363538679 2455026223238
-2903564894295 -878669136154
-1604857432369 303350245074
3378765710346 -152646345451
2944157643272 -847633099365
318279432097 9241137321217
-2692193829080 848624692995
1997858040369 4944004277837
9030203976990 7206735911138
401225063133 7347917036053
1020525785262 2510743110289
-2166139642451 -871693646184
3237464288191 10446559038
3147829144129 1768304252053
2826310322505 -983273200460
-552911573443 2412982279134
5692634119955 1912949284070
9589974202395 4088217859453
2035323553075 10460313918
554574954244 -2481799770549
-504895749297 -2531384728516
2198844851762 836439235191
-830473136409 2353583781980
2384636142945 834374593124
-649192981724 2514030345759
3354469650049 4365837172485
1236453481779 2510097813818
-1073539939515 2542846356658
2148456108311 847274279502
1253927723218 -2534503262049
-431238811017 -2542367666098
5245809309673 4571644131041
4279987183593 3887111416577
7764293234433 1173174435845
1641825399531 -284626343206
1430126765189 95308088934
618356642385 2545095599146
7202618723833 8648077226219
2008338752541 102006421550
-1370432001509 -89909726352
-917259639150 2260598730247
1262503698746 2543031307611
-3255082294222 282560271693
-3611421361234 10422108915
1027106340808 2510355608199
2881257335083 -847590337470
7749835269575 155175279721
8643816759897 8244402541361
613568070716 -2540317721733
-3515253531746 -297543657321
-1373474084652 -95304910253
1074247534976 2543032869273
2689540272867 -851161213448
-1948865112740 84887603019
-2077799145575 -32672533410
2702236097241 -859427902838
-1405686123916 -61655108211
-821901764979 -2353192052990
1788304063010 256995829701
3063006920073 515792234961
9319492286275 7148527693297
376916982156 3428780272367
3798426733697 4918384020226
1639998284188 -281896881687
2603878635454 -1115900924463
-1862483000527 2322967974
-2403611626152 565117425539
-3182462386894 -387406641
-2265525864584 -910093772397
2392188933756 -846183218743
-3239372214264 1592804411
-2956315672672 848465219511
6013125507297 2135900395353
2731973508338 -889168109589
-417397634933 -1691516177046
2354158636421 9279061861361
6385077524129 7076557408321
44160830130 -3577729367897
-3362936672084 -386980495299
3597055442862 -3139223687
4570697473177 1587121845729
347066911926 3378821578889
8892777739141 2662786801921
3271522505532 -282466223371
1364610936549 349170578
907101352257 -2268691881416
9525789357697 5558617045441
2509034553113 5649410588167
2697648072758 2519993217839
6945290103759 523809197281
-2771018194429 -843417591744
-1796768345157 250651969370
-3738734109386 10431657543
830052637155 -2731314984572
1000918353672 -2551179865745
4514896942273 335369037264
1744624850332 -282036775959
2901952590807 847298155672
8780330577345 4033716433876
-388349404926 3353899350151
1917665384817 9685503676
-407703426790 3381062359419
-3780349380137 -31377937392
1372332943507 9911392929715
317256422037 -1800878533568
-2804045184773 937945062930
-1770028847540 -282043723431
9184528800737 9194445534019
2444503981912 1151842565979
1171341652097 2450032587414
3528955557670 -281141323497
145250968819 -3385408762872
1146255231937 9099762035021
-3516688354021 -271964381436
1729687903529 6234686053417
-3093734553881 62761106646
-520201060449 2636010772066
2383831774511 840571077108
1973003906673 6353674427184
-2999633432483 -31766887908
-710776015773 2822013886490
-1725448742053 -368465569740
687913525553 5641110050983
-1521051565241 -31268039166
7751865657441 574940932545
839806175159 -2697651902850
1370462813797 -89876790162
-1699072405032 -397106007301
723235022848 -2838256785465
4363337725329 8651302489289
3557926748625 -3533179456
4606804614109 5409587368711
-3024508701852 -27909217793
2199816293345 1309164597249
4547886986617 9379524715274
5876699468318 5167851256729
-1430926025506 -93754180935
978235681073 -2259531734670
-2881926072750 836829809333
-2774935900196 -846123179019
-214105062214 -1694533122345
2012174782128 84854469269
8426557445781 6082543385161
-1522425967568 430233699
-3397083258723 219666879262
-2516448824309 658616425596
714741793440 2822630904073
8955626789564 6422610842489
-1725680707086 -182515905667
7103810720901 1078915739265
-486424287562 -2541851630361
3920259104036 7897174727745
3249299976794 283518636243
8083073493317 2513695605070
3005209870315 30390998724
-1648259743265 187916474226
4960418837950 2255428565188
-3000769763280 -35255321119
-2535954611215 -689998856508
-3227931892887 10327007348
-1351526556038 -10848342555
2120879092687 847330053570
-3243893828490 -4003876823
4039476799149 4738588644929
-1428802477682 -93958060455
-392606237927 -3389111232120
1828052961885 -282037507882
1598573861204 303351842997
-514925836134 2541597982091
-229350960080 -3392449955889
-2149221220302 847283984173
-1063482497394 -2530549147285
-1627289652582 -271608886069
567378437056 2677850352171
7665128573643 6802455365454
-3199086662939 20916043566
4349899985865 2563577147567
4124705770113 8352466504765
563724836 1341236978607
9324261147497 8123930172217
-1637666649241 -282702165876
6506982379 1538819706552
490952987393 5193270589433
-2237562490794 937930655935
3586826917610 35274337563
-3149760362861 90139310748
441335386710 2552455321639
2949136685027 -833326880232
4990524813361 9606073500710
-1052248636954 2541689941305
785911213967 2817321795738
-2766423412901 836785267812
3149101299721 204590667521
-3430069817985 191773143272
3782205754306 -1467
978105693737 2259498469734
-1004240223131 -2534003342226
773265868821 -2262794638100
-1511275264244 21051211269
2545483102399 1013166246306
-1654880694713 -376185434550
1709156839735 -407991841626
1970678619625 125546558868
-1819512966524 275459608305
788151282673 -2268302262984
760700814915 2228054678918
-1281011318932 -5314419
-716837466274 -2269937922561
-2965457579643 847336498202
-555678642923 2475272544384
3537146015817 3329483912
3236794389283 -10847301336
9387859244440 7390664281633
-925672270494 2259495221995
1892432092476 -34906289293
3661894957886 -128939287065
8988000127413 9154607923821
2225785001427 -742168872544
1819658194933 415013068577
1380730917392 85490783535
5699810165143 3800742123065
-2628914387962 531885844053
-3061631510513 92982511956
-3378929195249 215016770472
-3671096952095 -54621508170
2341661629609 8638503174871
-1639405693141 -282436570602
2834029502831 718164390078
-1086046141571 -2447722647318
2696806876608 836952967219
3723527487523 -4771658484
-3547677380386 -6973719705
-3378608284561 159609296106
-897578843545 -2824295128284
4891577589519 1252392571820
109238741148 1380988474291
1758799260584 296362167483
432812704202 -2542898397783
536413991139 2459346846188
-10290216852 1345142892539
588646469286 -2636009545243
6005192396766 4129262763213
161954048955 -3378526476508
2073408987352 41454524385
5457756455773 985928305097
1017520911724 -2541866167557
-2280087005780 755427029139
4857060939885 2251317650129
2253539077927 973218298050
514590401700 2541867475217
790750205531 3686528980385
2952864526279 837861935706
-1360875557358 -3041988235
-3082899436812 94143714241
-3487947155903 302808002238
-3111014800658 -135849074103
2158804189832 -877508174493
1809295382497 -277918665516
660262820276 -2496154855545
-3026916643834 -30111939813
28719995756 -2081481682995
-305931588764 -3295035696717
-1436185233472 -93152383515
3677522966942 -63115520841
-955270392856 -2794421456649
-132779571785 -1978167415290
1840170716191 -3487665012
6831932589575 9547986055295
39049047019 -2071135631940
1819687315152 269520244091
-3086629767480 90527233769
3505189896052 286305344559
-1396978647906 -63015597595
2509673453478 -1028458493231
6735522894912 8659749703455
875048471585 405318687649
6103053658577 2702468147105
855704002735 2322241221678
2390245314666 847333256975
-1043552035237 -2510876963358
3323958181524 292457836901
-3199644650395 24149016312
1151603370864 -2451209081875
2878434156458 847291738311
3116602967370 -66248824915
-1450729949873 92985779304
3378978784609 3952353396760
911505313761 2831270350870
-492345551354 -2545352751159
759115181379 2792523872476
599336001367 -2626610472342
7787126716213 7353231315469
4578859608937 6649306174703
-2318597230828 859258793079
-374458330592 1673669272911
-2488530544418 568707775407
2748973197715 847287663930
2218101102872 943711643931
1456081152636 94143178835
2494170061513 703938889419
-2181388615121 -847690379406
676648801149 914031789131
578579963226 2394408089348
-532219900303 2628645950532
932498370850 2859292351431
126661953489 3664095445790
8795788140213 8650688063366
1655510611351 -376703392932
-1309928251202 -31634354307
120001620937 -1977002528202
1323921070724 -31770428661
2225023578429 3577590790921
-2670955838051 555962814126
3524839585393 4789905761369
3602244086635 1334468286
3262091254570 268568511891
3527294765372 282831837321
-3256319744883 -283720761716
3648486524601 740880228601
-1010789635893 -2542858267060
982097975697 8634185044897
1107202292906 -2639352289401
7535282473849 5356009841729
-3612265227462 -8763934897
5759615591533 7109802283593
2649585649639 1099327343904
-3638987203883 87686170596
-124042790389 -1426094822250
-1191918971202 -2547696801167
-879918264549 2715809144114
7092137361139 7329909231132
2509700926907 1237895975160
-51397384236 -1973459384477
2586639730495 1225039279644
1949692097436 -82520603497
1459204412989 -94128849468
2298426753259 941387124846
279652396453 9854565073006
261127716541 3299761455012
4295281038293 2628830018675
5551011527907 7723917140629
-3714645386385 -90404434552
954646715592 2228201896891
3707896158736 -83681788149
352782694549 3389151052230
2791383002599 1923879295079
-218186164858 3396128518251
2558499953426 470844803715
-1411061456496 -118165012595
4655588597489 3378732902600
1776430801902 -313767673813
2645474812841 530394592590
9816683353647 9647951990033
196950542635 1725915231768
437719865894 2527918329147
-1932080483443 92898491760
-447111048703 2541731865804
2378644518864 847331594695
3008197045736 20892029811
324092346124 -3297708494793
262857730345 165250910181
-3810287033056 71214027
-1718151708405 -376705017712
2804898262117 -756502904358
-3529430652122 282305163975
668396873793 2416650815747
2381103508476 -856414440667
-2995763019767 4190262
1561518335479 -281248692084
361900050841 1725844038366
-3805989031201 -3362430132
-2647616743244 -593223935895
7407741452765 4071528491401
-2652538828838 -1129683586941
-1055206760612 -2545682677443
-1722182140512 -364954886521
654078282025 2562834443238
-1266965642748 2545747000289
-2231649035989 -951116834988
1708413788289 9429195883345
-1950506938918 -83682641919
3602985020143 516271950
-1022250598036 2573247071403
3680362146294 -128954122205
6597350168025 3992670255254
-1436856597761 95313934602
1822446114989 3566694255257
2415684603209 1136648158362
2845757470459 8337888954949
3328309922004 292805452523
-1280082592768 -1052269623
312795749036 3489926751837
9413977538369 6234398854793
8056292489053 3340299137753
2349654378468 -866917385695
2371883084860 847288615923
1052359193129 2541921620994
-2368592240899 -815520129102
-2303415109054 941050587693
-2476721703111 1139926242284
-308876800906 3284546122119
-2308212792603 848179295804
3372513616660 -188200325169
2482214325755 576308967354
4309238435114 9342653391109
1193932703289 2548839810448
3108477943202 -115063924599
-585673268300 2443461021291
1382332214677 107912635722
1337549450663 3505384494
1556813674435 -282423165750
1976191479463 48958295652
2061165265134 -26741402857
-2304132536301 753108938360
262012557999 2739928972903
1305103552644 -31041469621
3750127641926 31385822817
3300482154617 7417842947579
-1603627723553 -323108162712
8253580766561 9370056056873
4988965482257 9493683479623
9965467112619 215712032517
-1723729689101 177436996434
-1440829557581 104684566536
3916095542097 7643555542785
2705939161800 -848450510299
-3361273964774 198064222023
7575411622993 4303090776925
1017072290381 7261516150657
2747661338404 -845738913639
3398397576571 411182271708
1424452120699 -125538351876
2535220808948 1193518716399
-2846641365434 -944890761105
9989998211593 5030615118849
3323229165572 -270935648397
371270800094 -1663224857001
-207464712676 3392641775457
-2444596559527 -1110083999130
-2402024403210 563783378273
2726366821114 806623807743
2948888359514 -854257874229
-1931776027767 93367815152
2703298252850 -857318501829
1912954492598 -7423102305
271864747401 3456179769160
8072919136817 88373709241
-3716484107030 93124413177
2564914778839 1223859151362
-3212402368062 -34470858313
-3363835485753 -376615580504
6075536037409 4402445165481
3784526579406 4802615
2301100078944 -755870151277
3989781709781 2810151219537
-377920612225 1732539584478
-138061385435 -1412104465098
2986686912705 32869940481
182683838946 -3420521877221
1676390578491 -188415976778
1629815548732 -272096731323
2888519249136 -854243555939
3639946382739 7516728677212
3254047269703 -278937733158
2079136496443 -31036528350
1274228971177 6429021676517
6282508868021 3554961411073
1988115104849 129044466468
788515524373 2250101891754
5867475621633 6755518739881
-2462079402152 1162132877985
-20454970675 -3768051085578
-3643235829780 103442738039
-2150362644957 879042679394
2229996545367 -931127494850
-3016412181612 -43153619647
2043302224479 9541964584
-754136922657 2241633598552
2790205663954 6707766698609
-495415473392 -2543026438935
8172303711945 2366364107069
1619408716327 -282517224972
-462804544744 -2510483174127
5836188993545 9379190609942
3230620002161 3391918308836
9340123097409 9341777001953
-1844329937672 -1564210935
-3625882076326 95136446565
4352560714559 1748402704223
8388429241124 7801908605225
514146481708 -2545237762911
-3518814245208 271997346977
345632541245 4778044553833
-3741620596326 -1141543777
1510906169808 41585249747
1188386943331 2552311775520
80243493287 -2010082639662
2026403908196 -548973
2090702904016 -3487787289
3054086578226 2453066055
5146097369434 1392368087407
-25337552628 1882863745109
-351905459837 3390368760504
2887110255809 8830723890105
843304500880 2940562433925
-193891390430 1663197576453
3720666090012 1117660033
2828506633038 795115983271
-3025323262726 -31889666223
-1646262114742 283630061379
-2104882699710 10714213765
8704099573761 6989022737161
351199319391 3389156570174
763197815020 -2860153845165
2722855560149 877636360638
3128065830970 96598437147
-2109929746735 -1045698414
1178042851169 2540703588744
8761034911696 5003180081797
-1470326651753 -10848036186
640030304984 2541952098999
3217678759622 541215
2212760926309 6589877323121
3106112015055 1544588227452
3616287442090 -1160674191
9143707078457 5395278477389
-1948290574894 -83799238419
3318470889265 -282410426238
-906384452567 2815384700772
2775898783749 848584861894
2724986554046 -826402567227
2259978039853 915862037490
-1863731100672 41610103
-164576772173 -1694575644030
3371387492142 -189318886279
1229589184065 -2510083235278
5502407498517 8361573533120
-1319861172349 41855800350
6565435065745 8617738772217
-3580679250553 22127608188
-1423291050180 59260965971
-3298335874862 -325047557979
-1724808592739 -174032493210
-26670627358 -3587382993573
-2569664567282 1045258373025
-1661882969246 -195647121927
2256946374294 794613784999
1723111044416 198718564431
-3207207612194 31424224215
2735441847359 815966522286
-1067218263022 2557003910625
3513999141300 -296378299135
2231849923655 743832520092
1782126051277 315058399794
18425626814 -3577818295683
8874895793125 3642723221327
-629651441396 2552311831059
9799713598533 9841048742963
2252762334930 9350993952565
-195354852809 -1724410131804
-733885604770 -2255906480409
202124072912 -3356268179031
-2470373189981 561372724506
2709994885878 850603200427
1881431918510 45285505515
-361332338270 1726311664755
2068904565600 42243005735
1895022985697 7294644751667
-412997017195 3378507548790
-3351237568935 -375281372726
4694643173333 1447830442473
1050998432163 -2573251376374
3029482286079 1119214502
3357989628621 5157677389921
5312789296403 1798989170521
3986923901793 8487644430561
-1512595411406 -31379625825
-3770817710349 -21050351054
79141419393 2859181938942
1734590714723 188329424142
12765107031 -2103002910946
1998036130803 8567848444177
870821377686 2165286499499
175669845869 -1663597927944
2974218784897 9886470843777
-3525457585183 -277780492890
2760997781943 -839111875558
2466698155588 1129890883935
1271526091919 -306022530
3102723856175 -134874975870
1666844946845 7534391307946
-2905187996934 815907018139
6521259673713 8094907705257
6651193803041 2462280459377
874460675729 -2928768821370
-337308724829 3389213228706
-2096004578162 1296184599
7596444922561 500855098073
3727027050260 1023384807
925032598194 2824630467805
-3253457627541 277785273314
1225831371385 2499893464284
1442570144955 108090296342
3652153480673 1892033014530
2471610001859 -563668114398
-1454099470762 89836850403
-1515545713037 34371536850
8325790072161 4030998948261
2725297882703 -868210936386
-3665678587980 -125136524717
-2545977435227 -428831906952
-1864699577559 147760238
6424199624057 2910757558525
-271266649795 -3455397141276
8248379433791 4432641035041
3394562098039 -345024251892
-1083414419656 2635625257263
2747423427101 846516042984
399338443441 1045487375957
2928343461225 3714536225801
2174726018622 818949557737
996281947079 -2541865828980
-600498625783 -2437333358490
2300056189451 944665607010
2600411128851 -575467225786
-622450843326 -2552355758533
143684512045 -3389041240596
-476935503219 -2510312102248
-1180889416166 2537863041069
707417415580 2825634550041
-1746692037130 -277396245405
172696558965 -1725944047766
-1135743393379 -2667409216020
2876500638457 8252406795671
1606242360000 6446122582861
6038413031061 7080671133527
1897990042458 -31079568619
-2263021125547 -772516455120
9541061157572 30951979284
2175139959721 6570044218789
2620467503029 1098476501640
1864869047466 1152852211
2863379595298 -941293277037
650675076838 2510874198369
9342949757969 4984122165713
-2385505817778 -841480785991
-3203330088537 -21351118286
-2866065228076 -748886409225
-2125037667512 -850631904531
6777239440949 5548712807568
4764018023825 7554109291792
7766876465561 83920854017
-1677504279449 -186999738858
-885435468069 -2728989688294
3570032927335 -30075331014
2089026070390 1033278771
211371129021 -3389542027946
3510715367392 273146241987
1451037282709 -92939521824
4809286886521 9846406578465
-2454925877791 1159942973616
-1296045479793 3901285000
4780221438673 5364309988543
-168770766085 -1698025976460
782076807970 2248645913865
2661508234962 564476368459
451490933941 1617520832307
-3049425692711 116407446
2852388229134 764772904639
2985784782717 4688675993
-837311751723 -2389607969174
-1129298409873 2473421541862
476133614879 -2573175674772
-547871639412 2448750270151
3659515887642 783157418121
3601005989398 -1777149
-2935113036746 -847465372251
7496362550377 9874252458895
673247244290 -2511632681505
-2339798160167 -879458452752
-1030170742000 2573162494047
1336909149885 14329196
2678672267393 561515797314
-3168581155159 13923242334
2012464323731 1125566883897
-485545465820 2573246870631
2917272219077 2200613310966
1310564485957 30233079252
-605880832966 -2444346327555
1802301851279 5640750006769
-2775705870806 846127892235
8461234777213 9103747701117
-2878176554326 -850651277223
3606223472332 10422128493
3058524773000 4664139
-1903783425429 -1755291214
389400024956 -3358052555517
-3797277013871 -14735733432
-1079619847330 -2541520942641
2267948277146 -784440926847
327241082412 -1599332894359
9735472166945 4301441852269
2639016401182 -1170411467967
-1612991016063 313816087678
-3704878581592 -104730996591
7943275628934 1729549739015
-2563546551660 -474119937749
-662751713408 -2498803166277
-3014374593706 -41804741385
507155682943 6751640169033
-1684185906640 340929855279
-2365516694197 812425647570
2355184914027 892740818296
912492463359 1149647745464
6229382535688 2897370889061
3398820055823 7163551054971
-2396384516521 843797043960
-772730725982 -2828159997165
2105146666321 10458942336
-1682690120787 216152394074
6574555645537 6580234073383
-1530352536600 -1014579919
721504023090 2272254495677
7071799725035 5501795285391
6182934497265 1224613506411
5882502406283 9791184126831
3524124410292 -285573536297
1133398596220 2676300738129
2038990842038 14104706283
-2965221776856 847288412855
-97917117432 1999095656563
-2510997285714 -671760024911
1455416906019 8380283476965
320519230345 -3484402476144
-751406093110 -2862650367201
6213394876478 8251104002113
765380545701 265460387731
1175796326149 9212672036049
4863031910257 2598854432673
7596513078009 113962035543
1585678620285 -313680223840
1295614885339 -3470623962
-1406442202109 125909886720
5098763521906 8581756475225
-3319295157795 283234642714
