1400
-2272420424123 784522415694
-1009763077706 2541826967475
-1349925846240 8134825355
3420635124442 -175118844069
391554374585 -1662842698200
-2365865020022 815864484159
-3086074967793 -89531867458
9440677959873 8037213732629
-737598708797 2793057638670
3995980126030 3525718418312
-1581233537108 -285907463541
3030717233202 -5137253
702162776601 -2538761858600
3466957049930 282042194013
-456803089164 2512163588645
2998294274075 32401367370
7023539851265 7154282283169
-3812294600060 -385649289
-3303950008008 310446397403
3519217580130 -272400712529
-2026754349583 5686362
684130044287 -2541736752804
2680351841165 -565229839446
-2791441319401 955379909244
2139797963169 4095687928845
-2513063849690 1213458157791
-3564971136115 31384069650
-184487898781 3429835181058
139822816995 1978312455524
-3231545308037 -13953458064
-1728796769279 366169561008
-1932793227905 94643277948
1652206837565 5995123786852
-1406684719281 62647330148
2835144478191 968231301668
-68608447631 3106208005770
-1472779541320 -10460865663
-1777886199935 255872917842
-3538347073415 -129133614
1187971070191 827550088219
-3615169534464 41393339
-1055888029952 2538395577651
8414135921561 9165755820609
2542456703659 -495123562116
4591910853040 2373067216017
4971253024193 9667738346703
-3131024827488 93368344141
-12548898811 3797107437594
8911799956769 8059574146369
-2903445354812 -879009824097
-496997603256 2531536255549
366865670773 3417177857532
1972510231971 51916071068
1017519623927 -2541867481704
5157456235297 9984383305148
1976524501032 47652746387
-123396913461 1966546581490
-3276379596789 -282171236468
-561002629450 2404632352365
-2948323520630 -854132868225
-2731719644081 -864636943854
7879749035372 2359168234497
6051175094145 4914949529721
9165569232265 8240897776769
-2676426132118 1133262559143
1690361276273 229984392774
4579034458305 939500385273
-1252474950780 2531271551983
1139948202028 -2602297088901
3039315130526 -10752593211
-2736136124663 878261345298
2468433576160 7379747163930
1388039119033 -95319795816
1218671846628 2520946007605
5688683585115 3123106559044
-560089046642 2489994058185
3088365872375 -94100130198
2843583240739 944903714094
-1182452739585 2544300333062
679343782545 2727932950657
-3810175542650 2132325
-2571305767739 1046223464370
-3330784611191 271993826412
-2243602497028 941302465371
227263268520 -3389155854055
5090740935159 1413188116153
-3115853461438 58902131205
-2196532985759 832614548196
8276131587417 5938760477473
654391562725 230228972289
-2553613536398 1195520698359
3306332344538 317280433185
2903544841555 -815899380582
3848312676033 7469230954175
4452772155329 4177382107101
-2681074145207 1130820668856
-3372443948784 188415497089
1357257147037 57381534
2965910473157 -387426096
1321268811755 -22083018318
552471544841 -2604543485742
-3447031401177 -292890482686
902985514644 -2825054275681
-2623116829488 533090789857
2842973030960 -941834541783
1827473123127 283764161978
2229994367996 -951968666781
-1373974266548 -95694239097
-1699126376720 -230508583947
-3187516759749 31366889294
-513311703393 -2545266517012
1154428725546 -2448875915923
8349557683297 9963200308993
-147793138091 -1691480864310
-1582998545964 281472654725
3648065044739 94095447714
1314368926659 -20187552982
726929844849 252326849257
8111570341313 5158530449905
3482238905743 306448891650
482278973418 2576470370657
-2988187787519 950218446
3701777292388 -79680247917
1528303807896 -3094050079
7569567387969 4661180153577
9140919041629 5888847723905
-29234943299 -3190034179566
-605428584831 -2444667985444
-908477091102 2831137851637
349295837927 -1684113670476
6732259302193 3647604410751
997064479647 -2542645453018
2492079534848 -564470117199
1036706080176 -2503252860557
-1490014395710 -284976309
4711809972106 7204474870065
9602539800575 8747037262337
-1248153412521 -2542680697940
3292317062265 -324357571828
6525345547889 7757052850945
9430178307097 5435265870319
-2369658213284 -847675281897
-1109982766460 -2451467720511
-3456385621718 272356119621
-2152146769953 878540351732
1957889716572 94112709551
-2292125223518 766743627255
1458061614459 -94143001450
2597084231805 9688273290619
2261419142890 773922825099
5664194629345 3269865914069
7400053950325 4966055183945
719508379636 2834369064363
570720968912 2667648347091
-934593590063 -2289238441002
700071251024 -2538565562979
-2422600379887 1129847384502
4262314883861 9151738901849
-2150815421038 -814785111423
3199185988380 17404508551
6416001705057 498598232525
-1955631894726 98794330777
313272819115 -1773653860980
-2610402677072 -1129216462653
3724850200847 -3486255876
956843653840 -2792894988735
-2366657713734 -815907254563
1257325724214 -2552369226421
1008800416034 -2552573530533
6199790277153 9051982840857
-1633984404970 271581932673
-1472635592275 10718554806
-2691771531060 847934194409
25473174971 3201255503046
8658360387521 2920524164311
3369526199283 373525865704
7641803196821 1771099426193
273020159423 3260573888004
3305386585983 -311883197932
-2803130459029 -750784240416
3134014713389 83692929564
9528885194081 9877454847157
9832320313273 5302926084369
286249131453 3275123673842
1411738419636 140762932783
-793301737576 -2820836746899
-3372246688386 -375366523085
2245781561112 973973534693
3042124630593 -10464605486
263793929881 1789222602078
-3632005303840 -93628213545
-3787223342650 -2329680609
148411354700 -3389280562089
-916378590281 -2259497189592
1247224429225 2542296828354
789774059695 2824282597266
3656976405781 125570535282
1060886987686 394954914625
-2728030648533 -868213980712
1908899101953 5195982662601
8447498964097 870630076007
2770568092368 -850801886435
1794783106585 313782075660
-1407323884692 115465652441
4941141729793 4277877852241
3321900471142 271584951429
-3576240471579 -44798408884
13953977880 1351121938669
3803140687830 14526055
1902956197392 -3614322953
-1339909294652 -3859852983
7595317225459 5791954524718
511656597332 2545324624155
-2406620213097 -1133075796238
384658910109 -1662693416330
1968978108681 125136896704
-3492802484340 -247561867349
228258824477 7909590523189
-3243036396847 -4519570122
-1065626747446 -2535292436895
348161030879 3377479203504
-163321606560 3390297567353
-433272887627 -2541908815758
2908921856521 1926924745053
-358679133653 1695745673208
1205272636305 2542425633260
-763689316176 2293543649363
950929520745 2796396267266
8955132853343 5466803969053
650239167073 3720071602541
3588066818619 -26359480160
-1593753628970 -312648811353
2723905399557 3478710974242
-3460955282488 -285883076301
-1702493279501 407937300894
-2493736031856 -1129732544483
1011645818076 2543011440137
8318375332217 7844477644389
4430778216025 7192051864239
2190067272407 846212025888
-2504277924627 1223688609370
973418745548 -2838228528267
8321159589049 8351961729894
758395733440 3601686435745
8154935197369 1217136237665
995525815554 -2541914206967
-457869817925 2572988428200
-448599474635 -2544834753360
-367296786705 3417307589114
2367214388173 8644594379811
1082723143486 2447684444565
1205866931639 2540684488194
-1279396742495 -1221310476
1050802307536 -2572816057443
-330785336576 3390314271579
9495679097625 1268346152738
1008332904283 2531463402168
2963598231396 -848049278671
3203251816195 42103942962
232751629517 -3389144864958
336375049382 -3392641962105
-3420720089295 388974875194
1670125418433 -377457498970
-1272642266118 -1677464009
-1771293641056 281037696687
3451442640534 276607067915
-3766149529714 -39646537419
-1646773633597 -282042273708
1833765249699 -281267098600
-2487900862945 -561334026912
9752508882601 666317454930
8297158690515 8624105235987
834929544033 855068617099
4922884110753 539515328402
-868334023056 -2735132891399
2824734772381 -978493421700
8780647893853 1155373492063
-3364983156591 375410983174
1664046124257 6248989321607
6219460638347 9288387550753
590973813729 2447719458610
-877569361794 2911983661253
2581257332082 658585956313
-819231269081 2718918409608
3591456001144 32156078193
-1159729124190 2461669666091
1249300189083 5060454680401
6901343232737 9158323637039
3650493295881 6160968038617
3594563377817 8178528513337
-605569309014 2450955936545
17937914734 -2072274384783
-1757419632908 297136989033
2687639528491 -843802532910
218792945909 8846886486931
1002044146899 2531807428472
4818833160373 7184439368137
2897871923528 849486118953
80033667353 6169351724673
9247553566617 5332992439399
5421079852305 9559784054503
673955821589 2572864274448
559545558593 -2416296889800
3156549378721 388993194
-2374648761378 -844532018369
-1278919455273 -110539732
7254446094609 4310947828193
5336364601813 1624573269409
2587004853887 -1034025042384
-3025191197869 31753479492
-532790805785 -2454686318520
2185933214760 -849613407911
1943509499649 83697398230
995287412241 2545451631344
-1058499541104 2541864710773
3468943878037 298860761201
6007610460153 7508725060686
1449904034592 -94159102451
-2778378051357 -753150214280
9202993125415 6305913997865
-560536870394 2656799906283
157118768711 3394974857682
-3086106887315 -89485115796
1930571292613 94401452628
771951369165 -2259423595124
1941453089240 104617347561
-3431458998679 -371923671618
1337250603806 3514065027
202874607755 -1725899886186
2351169778985 -805853757768
-3168708621380 13846635717
1402074471200 3650169346033
3206932215625 31353965922
-2244436099168 -784096022709
-216536724073 3377402562732
5899990070081 5720379572872
1847074775947 10417130298
5697842799303 572733284789
2925917291878 1662484888819
-957280959670 -2824165557117
8410057638057 9552957219181
8299197002393 5190178892641
-714087724864 2259443441151
-497905895245 -2552321418228
1808179224501 -285907266458
1215292047351 2573131565350
-3135564050134 104622544917
1918963600216 -10853067681
-151134582019 3389656590468
2463888405590 -1129329072075
1549352049978 -3234326167
1556938500030 -278944344553
3649816833620 97627362885
6063208114969 8493910503870
1013580479889 2537982055256
1980928385073 71943844246
-1681512467617 -156905245560
1631597544133 274274629254
2487333078915 1130105470454
4495040426247 5886678030057
2584667531695 -1032083636220
-2391941790146 -846599861673
-1546347001947 59536
7474172288353 4141552539735
7547474768777 2113658835822
6599389576877 8088540751617
2406374407324 -1132044162105
8558110944673 2860848184597
601740089709 3486342715009
3648680020169 8986623235891
4737234102497 6269610513305
4635758550995 5235088796322
-1289839647652 -11574614565
2049105416710 3757327533
1484212073483 -3287673684
-2360259997890 877507411967
8711909090137 565792629209
9329665679889 486813125969
3525603324419 -284755612320
-2133029899325 854262361710
2375777074232 844140301191
-3499278693251 -282429516546
-3336475423337 284580456060
9109722950087 7421692926909
-521533879665 -2451209525756
-1597130448345 239812816648
-895805180513 2823118754520
-318104129330 -1778131560369
3638411331737 3360471400641
-2232467053588 -763562795901
829538801394 2731317106103
-2172854887313 815911263360
-1276743526445 4648514184
2021036366464 93712721085
21931625254 9855241144833
-2152099338948 -878755762499
-871381887300 2164136167175
-1107298757972 2632392675801
2713937070022 847809952335
3711747736219 90689855634
2533460981093 1255199337858
6084183004697 4835658120945
-2260366878525 707821841656
-3124792194350 94095349137
-2289568164477 -948773665286
1121431020065 2667777012678
-478438140509 -2573117727402
-871081253448 -2918433582793
2243589173021 475925841537
9965803023387 5524021194497
2925575944163 670143199917
-1734243895916 188717537715
-1179439577151 2541837189304
-661232045972 -2499636992841
8220428634765 6606067581681
1335203078214 1162445633
1269856826566 -2541865749597
3820378832385 5068862131134
8601538457305 9781083611761
304846625031 2365308880971
4619584217411 449597357354
-12964857930 1914632636189
1261526602534 2541854493027
1238102661788 2509336863453
3186683925350 -32586582123
-988359517765 -2824180576440
3183879499537 -1287959292
3405958999964 -376534450749
2948754643832 833729247297
-2744156146483 817325086038
4365141745419 2718730929734
-3446716442539 292889712726
9015067633091 3406485483425
-1565405998156 270414743871
3306554361296 317699742561
1220128390397 2582497147788
-1322840329713 41457732008
1841934746714 3529835505
1124895997043 2677443866790
-1874987905745 31443238116
-404774411206 3400791401619
-3443023313650 -278857209045
-3631951132032 93803591591
-1007819789667 -2532910523248
-3485604440297 303135480972
3718488864431 94008722310
2210472209029 6927794429953
-1280624790987 -382643840
-1111249495659 2636372805956
2728328598347 -889091752104
480424876318 -2569632734841
113426533610 -3103229312031
1190807855332 2555755925175
230392213415 1692223459410
393591717870 3390441049871
-2589063204913 -564859079766
4215016258689 9563601143553
3527306224301 282038698440
-1578312736774 -278413080453
-676272200033 2541091538556
5585736262657 8275596034520
-1882929545734 -25957349829
-2902871423504 -815902178553
52511644939 -3669246882630
-1297056281430 -4386006629
1134181499130 2593775397407
-2616898844312 -564916298259
9233453525497 6413449059841
-3268073623307 -271971484704
-1262005353594 2543044506217
1946902490990 100693182567
557319707602 -2668567268511
6068595082625 7506132083633
-3163186651296 -4789511
418139506615 1689976003176
202412650149 1726718622662
-573997493609 2420220072522
2632398649780 -543133226889
2367881669510 814874577285
483600206851 2573629362108
-2644268634411 -596686778506
-2758934930723 -836780419758
44042079027 -2071478542598
-1860117468300 42506561
-3174754312515 -4855148
-591433998878 -2436868504647
2112350217360 -3460211621
-217177338828 1683714558259
-403327451788 -3399873072039
3049327295781 8611725824677
1384503238057 -105809037048
1695430435938 -394006112405
-2329338190287 848077801516
3648739567834 94234068249
3345783308498 -372999854961
1921129440677 -1563910656
-1447672744939 -83639811816
-447912058574 -2541737194065
-2959527495292 850646946177
4430984980891 9032341122513
1576140578637 1164627733601
-1950082357888 -83295550419
2462822526527 -534036735696
-3396141843385 -344238378120
7981337811173 9941087064913
-2671997164806 -575558397469
-924094460946 -2822745663361
8097342927797 9414799428813
2778535005057 -942483516538
-2814443694446 906549636627
392700904993 474553260225
-2114639904801 3482415026
2991087943035 4653913400
-1885227366175 20648282778
3087783392513 -94281866712
1358549473252 9483180069197
-649518136927 -2514361917312
-987700537453 -2824280479350
3055856825249 4103058404569
3697036093575 93712752920
2698945914251 -841075736364
2356463090187 3065119392808
-402086077354 -3389666405469
2076799701469 30993750738
-1076116824996 2545007746159
309301724767 -1590317509554
-3715265668375 -94143183114
6050225966493 4778422650531
5960561131769 2952276512993
-1444369013623 -101117121036
-455823926918 -2510475382821
-2964088482550 846126347895
2450128858025 9472027487457
6705521981501 3277705318313
1571779199777 272137475358
4638913331533 2225453816727
-2837975817708 -973932053069
-968143058332 2813533277373
4189500117285 3838331275361
1436623908036 -95692401487
5948289312937 8386966382737
2861516426315 941686099164
3448840189364 3462056464673
4005297278496 2990423839217
2601907091284 1140093980595
1216430383411 -2574403769382
3629074037527 3973096566475
-3300462688429 -251172836256
-3187599076075 31381295724
-2223916348863 930943026010
405727422060 3399997429387
2581554966681 8241584867985
4697866876377 8625961687473
1264786727710 -2538331266069
1911410922817 1087295435745
3598704200847 -2175535630
-794539039993 2826749501028
1690377613591 -334604338362
2849921138181 5294956843521
-3574682105825 20805801498
-774855124987 -2827950557256
1062546634451 2531360949426
8901817157313 3378129600557
2062535783633 780349475969
3757996130249 31208401800
3263140103825 5978792129684
3341589384998 -282051260001
-1763316756543 282831328468
1297204033563 -5077916618
8872111890721 3297027705320
-154241202619 3378578460276
8949463195185 3007272791947
-672433577684 -2574386833179
-682006080928 2541908855367
148783873879 -3389720802216
9546251238945 722443092673
2512595959085 -1234340809830
9201279380481 3301726227301
1385595569128 1999536050465
2630071131750 -1160769354907
2462840122519 533005030932
5985849289329 5890666024485
-2974578535345 -1277105202
-2546513391495 -1202744002202
1169240974166 -2447234788635
7561129732213 579284554401
-2131892395051 -857763350946
7521625061715 9793996362897
-2589841418451 -564988213070
2198073222033 9050040833153
1414065920684 -73310160213
518848268027 2447736440724
-1278903024326 -126038997
1025895410361 -2507184501158
1996839391419 90268971496
193925109578 -1663594799085
55657593003 3669971580800
2729364270807 823058089244
4433229689919 5728735628609
3940191154889 9841022999791
-2674327377354 -565519096927
-2920799758265 -825865993074
-415225605405 -1693428794344
9553665201635 4983515380153
-1779070820503 317153830158
-2981104238135 5425494786
-3580925557345 -43544149830
4088436269931 4855000689907
832535263153 732230627841
2317170598115 -857576718900
-149585680272 -1695590848025
62681901831 -1961524107596
788525320891 2814970171770
2920038314137 -829739895480
-344163726059 3395713503078
-2149818653319 -878539816504
632622988482 2531276354717
3855398571233 8030531886493
4951603784628 3344054741505
2270713434139 780900822768
168394257159 1698478527590
9740570846642 7013033544823
1218650331169 6370815439465
-3050630171260 1149861177
6089415444033 5498932379235
663977292108 -2562917270057
-690578926815 -2536053106220
2748742221056 846829958715
2192994538282 -838377209193
-230167217432 1692783618147
3335762048006 -278552675115
6666349349866 1996867972989
-2206372307785 -843979324140
-68147928428 -3671700970653
-2732175746655 -868230101096
700771516591 -2543799742128
-641885882453 -2540708351196
-1274590186489 -3356108790
7394975790825 101427255975
-3769772738569 -22092524766
-2212989575728 753644392479
-3516559915491 292764849896
2051246403646 -3060358209
-148059735910 3392641759689
3772478380323 30233080792
-2778437349708 -940221934039
6443215898125 3683525929682
2797947271868 742842915453
9386066822144 9406373269109
2629265052232 -1162265009781
-2856460383705 927313880624
934040779633 2291845683228
2810763352206 720468009299
58274551116 1966933638715
2468997696979 2725148915897
-1914585631385 5695927776
7340835010305 6508147611675
-230658388058 1692289339137
-1692466438405 146464608168
693123172447 -2552448942252
2633401292801 1347402205084
2790884684678 -763620841557
-1883670270879 17562706426
2385495242854 4526134388881
-1823308703784 273174625283
2684322415586 -848414200509
640527278870 2541521106747
1030029500543 4338807865107
2057570444230 32627839149
5326094780941 2394757045513
-616057105924 -2545099293021
546597798246 2447852859799
-872341401577 -2165347317456
8976422296036 6430572383001
786940947841 -2814208096302
8934406633641 3098278399493
-2654159087147 -564992996346
3509796925777 929289858413
-2330430804009 846901137434
6684324189073 5459290622331
4890185899403 3754515100845
1533396453432 -10543376177
157682381604 1687441002895
2299062015703 752714940558
-1355358408946 -387535185
-774839187416 2827591311627
-2300709121478 748494996729
5255207707601 2472524313736
-1288087769989 -13964616066
863172412384 -2730341909691
423685092195 6303422223809
-2872974486744 -845710286555
-169114931393 3389149652616
-3648280633997 93891194154
2920690733017 826749110070
580192510715 2604629560026
-1647983997023 376180564338
-107917592685 -1444324565098
1493683959126 -31754283553
-2123254512189 842639445682
673029546599 -2512048799718
1564061425468 272107889379
-2724711975000 -816084580919
3152781273823 -93999696318
1540179924909 10073464156
-2876333175543 844992747872
3608498016967 878837991001
2312922550297 2061832623201
-1463081657143 -3484654722
-2588433652397 1224248745888
7729277684401 2462820007797
1884291031871 -17405440716
-1136273242176 2605914585895
769936583415 350883184401
4709997147791 4226171718979
7861287501697 6738813007069
-1324287501678 31361418403
244917521449 -1600434040068
718658577441 2833751980514
-3687138171984 125397997831
-2076533606574 -31266223421
909439137689 -2817320205816
1453538875918 96595247565
-2851431049456 742766387805
6823391684774 9926521439901
3739950948436 1587753
-2299183918010 753150215721
3757730601288 -31034907575
-858896634742 2758523713911
-2484821991979 1130091105966
-2822663018038 -735725345751
3570604896515 32973904188
7810329229677 9767243339145
1487359277581 -127381068
9746748950507 2454924570221
4504967732385 4510415135405
1430171423450 94147246725
2863112349809 7767296278529
3106340243005 -140533192566
-1145445748986 -2636004233683
4216017781589 4774902254670
-7041009000 -1288174879187
879348641228 2737123626831
1140846993665 6693009963857
3641485693506 101547201691
-1365443491385 -94124578446
1557869862017 4656456903397
3379217308376 224345180871
-620016782937 2541915378458
3342426701458 188243319681
6092089501725 6574011464721
6954570277673 709062213761
4137139490947 5905899007937
-2823787560064 -769374050751
463403660002 2571969843963
-1215860863072 -2573662416507
3201705473370 -17303136481
1660013760435 -179003144080
1951079804204 94018467339
-2914100058954 868207786903
-2040082803262 -15113710389
2327577413777 847399132428
3598978188969 -3480415772
-2769432842252 -847288602873
1546337137380 -48183949
5622626869194 3744508293239
-282727259495 -1637640728940
7988313664196 6001822590093
-2231002755908 -741522872697
3581802614768 -20913799941
2492739970072 -566023578291
-3395550322795 -158067813204
-1867657817164 31766964507
4078923194369 2377989821033
-1658645300231 365720159010
5861401261313 3728355657383
-2300078561256 -756876677879
7408008486170 3493872809585
9029678032001 3871824473744
3644114885313 -84728876230
1094144794764 2437262296055
-67655609675 -1987507091064
1169274322511 2447220610554
-930065213779 -2294328070116
2401704455810 3947254538274
-3463739577743 -278948973366
1210040527220 2508992482515
3231093157597 7202611050
41604106735 -1320372604686
316811824229 1779427049256
3110014961065 53462435376
8555113023801 355829683109
3573207363918 6896721145716
7886173552257 1655319371297
-3012496868049 -18199109492
1131867536433 -2657302276312
3493554592872 5516545425073
3060876743003 -95277274650
2825472417511 979488278280
2678396031421 4654007629505
1549875710361 136
-2606135892463 -578657939232
-1647129701930 -282430933731
6596989441537 2356284068449
3938898254145 7628312066554
2395183996027 -851894615154
-1154962148698 2635881224475
3112613701539 63149548382
-1008802279102 -2551800054951
1756064469000 289053797723
-2215867929203 -944902655694
-1208421240875 2510617097526
2500155528458 664005177837
392944273353 3388760402414
999983749110 -2552196864979
3973475361993 1939345590897
456627670395 2512077503986
-3327692216339 268138283904
1197203852584 2531018048793
-252605089242 -3309116359919
2869881189396 940333279985
-2680778889261 566030917186
1454307963909 -98791477390
4196186587137 8802151151833
-3357289470817 -363787810500
7256189924525 4057202056329
3744767812047 -2078931590
9395708355273 3392872037687
1621951016650 285902408151
5522421608061 3339404099013
8309213763841 6825006433567
2906814007658 812903906565
3716250995779 94104756882
-446069210166 -2540748916543
-20219886214 2067667989651
2163201804237 -805447019440
-2427825370835 1132776608328
-3549935763932 9135985077
-3349811090577 -187918573510
6624334528573 4046172922313
-2301024294861 755529296806
-66078163723 3660358877658
956672439323 2290492225692
2973049272951 468671912
-1744570927642 282123289305
2501485740578 -662508172953
-2683219240114 847154748357
1838708457539 -473572278
9422567455745 3158219283289
2408442381816 5919412068829
-1573906373157 -271969190326
1901193330037 43613172
38890044249 9667878315001
2565009207803 470324261484
919358856397 -2262619991586
-3473303791234 318445122249
2356668291045 890206010056
-481136128006 2508662988891
-2984972989457 9302288580
7450745825145 6678607646529
3116179395817 4225997897655
1969698678109 -124234412076
2195125974399 833188930858
7352258574337 6327896301657
3273321446391 285729802516
-1674020967376 -379026359235
1289315212745 5382041278738
1345978671977 8895859902
524201552386 -2444494077387
7509602334729 272773665810
2310031265601 850781825812
2193258362182 -859305034845
371995073784 -1736802806575
5456872576129 7367689027006
423612383188 -3389154455187
-3292924768369 -261465982074
-1684921752676 160257627789
-2034538960178 10460569959
2068668754833 -42224034988
-2419794041397 1140824197970
466276691038 -2583691482105
1502737652437 -22472240994
3735140184741 7147891684
1639996677557 -282156730584
-616680578868 2546500466539
240493427324 3293074163217
-2011074358387 104733184680
1430913397168 93770199075
-2053910772667 1162799718
3135094478527 84825371286
2848532633358 -751586123521
382420571425 6707110656764
-1965856332451 66258469638
9991959580475 161366081265
1447108229115 82894187596
3522816445065 281965647536
186793547283 -1656358247660
2492827104106 563696715513
2653569200147 1130550383286
632699262606 2531544655481
1583168887232 -280894713027
4018709589151 714860546945
8914182417008 6565887729390
-2445225181007 1150240251096
2967044102860 1147734693
1416097115350 113901634701
-2548065893888 1255338566271
-288540659558 -3514659190983
-2059505301418 27635973255
3716378881796 93019187889
1831074796776 287049884779
1265396919177 2544203086480
-1906833341299 -1033199298
11961803540 -1855082498319
2569877182865 482773818114
-3517011582019 292330256562
-652449352459 -2511515784834
2897737864154 851949996555
-538799371731 2447727600224
9800943264973 9244034684783
1927490518160 4251531
2315799437882 846123159519
3147028844171 97548533928
-852677647109 2196802781592
-145546350676 -3385694931849
-2153146063074 875139300089
9058416398191 5640758110455
-1021354541514 2574455404531
1960814502146 -94544945955
-2285146772231 -752801056956
1183651269166 -2545336728537
8950895152261 3661140536941
-2529075744855 628196741782
-1046265276663 2575577842106
2404639822876 1126633305879
238915056493 6737775870607
-1639188301868 -283682438475
664384029961 9506236512235
167144484589 6076235373633
7286526746239 3267389627993
611891647805 -2636009359236
215438149667 -1684246211424
1816562658832 -271321730433
754819292605 -2841785653500
2411005125825 4749375608081
-2672178715918 1140609025479
8421378081777 1651822554575
2401839679235 -563683722282
3388921046549 330082256598
5474647775143 8562258083313
873070800981 -2918452887910
1714980895040 -378948407481
710159729687 -2827997389374
4512465369141 3983115399841
1842780126322 14171655
-2630597001880 -533650257081
-2086701816895 31514982768
2812581431409 5372742403677
-449894515568 2539923743907
-1768132033211 -279971147196
1250599879340 -2552813451609
7027041892285 8272482297869
3176663404241 1166978844
1345365759746 11670326361
-2501568270652 -1032188515425
9769910304092 6947015582630
-3252797871517 277861623936
2688181203799 7695017842157
-1929516099082 389248821
911464476921 -2838299885246
7988434688081 3240885321217
2850418302777 103310838271
1180144626977 -2541738200760
-1977766903657 -69828217806
-1591571975581 -310436989104
3057460859564 -1031745579
-69012888784 3106855816317
557188228756 -2416341825753
-298393047422 -1600419516207
-1492538268146 -32543668323
3249422637893 283625035134
-302694641581 3298453333542
5170631095925 7713605210689
5484718299589 8308543737833
3135008417252 -82443505455
2666797024413 4572638767613
2912900487359 -815867691948
-2654827699602 564859016353
-1971520078570 62634744045
1623932070867 282402376126
-2986015662178 10058054661
7004441281229 3279105546077
-3358512668550 369470157247
3006349995702 -31511596931
2054840831327 243951066
-126730916812 3685809053289
760499337953 65020488457
2653613846737 1128962378016
-1997228508282 90658008679
3251043580197 5792047030651
1342858946403 1296066230
3352695229676 177974789949
-639783340674 -2538379057051
-659640738697 -2587237072344
3777157811521 2477122988121
2091527771225 -4653826668
2406215433256 -1134239473179
-3094237924489 62748315114
4157177086337 9738152409281
3799863928397 -10600587936
-2685884694769 -847671089988
2175435699622 -880989585435
5071325593956 5762850716049
-1088811768876 -2639490989149
-2704513665466 -847676562015
2914468279285 867048651630
823773631532 4628569026773
-349015960977 -1706056534754
3496202166753 221433646409
699425468815 -2538316865124
-1281761552486 10450784421
953522020427 2224582599186
997427395123 4434728653345
9029121739051 1614274613525
-3088509042330 -94329655801
-157178919862 1681840350285
1441808513711 -87160395462
-964516434101 -2823908121708
5814310476961 1592787203447
-791484808923 -2260378595092
44099284460 -3200479064487
3328656745169 292373152560
1174017251582 2448054268719
8786288733377 4655952274421
1255074297604 -2528680838301
-1343466865055 -387235332
381567888771 3410194135204
2781592039329 1614486888705
-1699123868455 397101257568
3964752198257 5931853300369
-1553769600695 -282825939054
3453315382195 2839638849185
9675710351582 9302083528769
7624467759241 3737867785025
-3010905494091 -45357052898
-1181440551583 -2546516469066
-1096381593275 -2646553862628
601953372541 -2636401207944
1124883031677 -2656538907598
979791021381 2258845814996
3812455299405 7709360331681
1948145940475 -83684358702
5058161522345 8270221818927
2312422653475 843814586094
3028604195892 -44439085
-1419863658574 125395334433
2637008032321 3068429529935
-2024739613553 -373051170
-450579766227 2538209024434
1369217197461 1279912198071
-1114130968387 -2667402586854
7825097160729 9957239637177
-179850340448 -3420545247273
4712576837585 8911813004071
-2485946302806 -1129005995797
3377990437081 -404463910284
-704619724597 2543032833408
-637374898262 -2538379083375
-478515904332 2573117550215
6419757262465 4603600794769
-2669569756097 -554737776876
2027983482497 1608285026833
1020448030247 9758717423121
3986420525709 1075656303345
-3120254855096 -126811067049
-3292668375962 323799010731
-1092125774566 2447813981265
386049094843 1729043284968
-2941668850087 847768330158
3558423586686 -130181417
-3101608436018 -73208121111
3478032894613 251043693660
992410647204 -2545740090163
-2958543701864 -850772553663
9392066802888 656849958145
1775223584039 -250017008850
270440330945 2023541020857
1740136107804 -189443656817
3760444118699 8503169966017
-3744868473579 -5166612782
2145982796585 -843931514130
1223712092003 2565541525122
2010766214428 -104087029779
2329758605717 847294102542
1790943579133 -324653524848
-2995069859769 -1549071782
4722935750033 5079317631821
3234253358369 10459356192
2505786772255 -1046537698248
-667378148924 2510527813983
-1933629928305 90746390854
506809306682 -2552068055427
-1398210789242 61902779121
-1030467806737 -2583702342018
1249530152273 3624261053865
8239153718485 213051547352
-3136671097616 -108136256553
3227413376645 10844014722
1427615255649 -62635924936
1005584148085 599523477206
7670735622097 6863847563448
423329172780 1694534697035
2433025929765 1098208475488
6133078156721 3083897291177
1996200606317 8896576551486
3524267841832 278941092231
3556909633778 -4840495689
9626141723318 3670273560205
-3746773032679 -125945196
8487403864118 6818626219206
-2030829094050 3364007653
-1728816283063 177783131928
-902190115232 2824252495233
-2323215615767 840749643468
2272218151509 784296455008
9074596779609 418837169089
-274398122714 1819714043385
-3543852608593 10804926636
3325868542331 2893234776907
7350540962855 4738672930317
1781377807970 -312732773937
-2249259381572 -786850973793
-570918847125 2667435239260
3248592069508 282813564771
7743876649889 2557807200
6691921847857 8808501304717
4141874314781 6544802113219
9370768582753 17231464892
8209398442633 3893143592637
3749290440401 7254955291041
3756682133511 -27950076512
3681812393808 -60432814297
256900116111 3294480552940
8157581240743 4337070025100
-1961228885712 -94143001679
1874909344686 -31770671471
793459416393 6545719851393
-2317156317516 -857591117137
1731276033806 -188286303249
-2045739026016 392394695
1159702497945 2454694971064
3795244877592 10455569473
-1891863917183 -27879923466
-3293735913234 265344259457
2630614803512 1098202992525
-2316628832774 -847240951311
1252507494528 2531534615323
-2575291150954 -460255601481
5497574653549 4595710216192
2469576340311 8033509077015
-3684700362837 62637230584
5939195022497 2668482389145
-3728109537413 145076100
-1458941293725 -94124558710
-1236611871710 2572730333085
8923536863549 178976537841
-667296245796 2573631179803
6046721570369 8175840826369
1495537569464 -36030125403
-142748256640 -3390332760063
3453198189057 -275026505708
1951673298483 -94143111148
-2208729095835 -843950629250
9453302442945 9612238458177
-1235787881628 -2569774636099
-1543661512750 373072335
-951586992371 2851013029374
1216122772191 2573162369164
774773942832 -2255951456215
-1505333004807 24407556760
7766180735856 1864858705173
-2171931595863 -877638135502
-2240512498468 753274553199
-2285904946602 951919255819
-989607625745 -2541837590766
-1665200885673 -387031471192
-662837376794 2561767762329
-1132343118668 2615078694609
1869514411943 31396471398
-2704302726012 847331618989
2333246726308 -850772265057
2127430024125 846126524420
2315173971760 -845868540015
-2320390383728 857688750135
-1211214797870 2573675728749
141525740647 -3389197563246
3428618315843 -377087683824
949783284544 2855655694089
2504879499786 5006994552065
793737231173 2821186501302
4235336686797 5593627655361
-2485224900557 564859269546
2469296024605 -1126174171956
956455909274 2291195205999
8774870110385 702938642788
2437072543272 1156062088873
-1859147891737 -14882508
-3229958411722 -10717043331
2715675300134 -814793126241
-267467884468 -3326049640197
-863285193479 -2353622520474
5943607433970 6489562806273
2656079235666 -568345896779
-45259114817 3578215852944
-526920991636 -2637306785349
404112984037 5870858320857
-2869326526169 940253764374
-2123409560047 -844724885544
2869097265469 -752024166414
-2442989301122 606293470413
8542091082881 356269272769
63700529925 -1398200564474
2628397070477 8674710307201
2264517893649 6309345433473
339513916331 -3388822744230
-1564554927584 271581960375
2853124750049 -951892141464
1992436086813 62760269096
3522783012052 -281912982363
-1269118122905 2541097442916
-2720530515499 875312398782
2410247802801 -564860667932
2859470851222 953069473869
478352633127 -2573203467232
-1430911846860 94546716787
-3303700619678 -251034107955
2783153445025 9608578332281
977832940336 2248798974651
9431260838657 8823627275873
8246483632697 7709904319137
3657201056823 -64066065506
129609628430 3661110922599
7754715441953 9193149795093
-1380989686661 -106928586672
-3331996218125 282430067592
247426558545 1800701794376
5880546595493 3021845537257
1893699346486 -35948788767
3101276779975 62631385422
-2568086595658 -1234262899389
7660189191581 4916006922275
-410902383615 -1685279212442
2431005213982 1129584220497
-1896956518394 -29869702641
2122197363791 -851177168832
1356262279571 1549679796
3144018392622 -93758885017
342015826810 -1706198928111
9237730636705 379409532521
-207278887676 1694492700075
1843868149119 -59505734
-2866190659096 755728292205
-258215902470 3296173531351
390163149275 3359069562762
2612846153872 1130090968119
-292215025528 -1628324970615
-456197896871 2509323041580
-3796958169750 -13128631021
-3693727288884 -90139289221
-968782549038 -2250142392671
398841025537 9591969568221
328447367830 -3483278515329
1168031727117 2636893876102
-1558923707509 -286944558624
-3584763596950 -32685917877
-1848777170759 -10389140112
1113628858525 -2636398021722
-2014674457250 94152193317
5269748158205 3538926970710
8295787743113 7735703541490
-2319684762031 858136579992
756008422144 3356276755053
-578579620284 -2415179792101
-148437938147 3389021045604
-513155438568 -2538391267687
-3072895011532 104243943999
-2490004987779 1125198321706
-2489646342197 1127795392422
-3200100535580 45242105715
555271460453 -2482590473586
4131285270921 8842778783481
4791002518099 5527044240319
-1508283150036 21045240773
-2653673524569 -1128550903952
1856947102481 8823498781844
-3162234987587 1205425728
-3471574296022 -254154749517
3650658106489 98216733546
723748513049 2813980101564
-1746055242790 279057642489
2691487142190 -848452268633
-2400947046968 -1129722377769
-2471269778853 564879970808
3477877012140 9373785131855
8059697496017 28618534913
4979468840495 2432420631913
1343710600007 430483086
3203229923933 -21164650146
-483041729422 2510478901119
-3434432937903 -189692543248
146558638885 3916578693239
1648546665539 8318946425530
3591102887231 -30214074276
-3198013190417 -20871518616
2135301670559 840319830090
3802928894494 -474635781
-1353778083830 10483677585
1012137370393 2541478171644
2492582548929 9525771590064
-2196334053980 839010667659
-2021866641135 -92964991624
-3701655326530 -87600105573
2557825427100 -1035574964909
6785454655911 5424057613662
3368413167742 -193322762805
3580013942983 41882333280
1228602478310 -2500426225371
1598337801518 240592891221
-2259267531663 -776764236034
725830297840 -2833595051115
-3661230874000 -120487777101
-2513639729457 1212104198648
-3496615585148 -313848709749
-2469328069663 561385049628
227116859254 1695729901221
5211845908313 4901241204249
1571014338625 3559246468097
4763068618433 4100594494665
-2657963010488 561782646063
3019359005874 30219780589
-825517927157 2726665992162
-3343501040236 -375541537113
-3660611213961 -60378597506
2826436974546 899202959335
8444411212545 6006723807445
-1950457282523 -104989362882
-2289293371101 760247548694
974154674031 -2245101930622
3185210625594 31381052309
3063017226135 -94147893946
2218006040235 856128308437
1109992417571 2451466139508
1668696909859 376574257128
3039001056480 -10460942641
-537936470329 -2625934427640
7161442069772 9802097332779
-610503137714 2634849461943
-1340974527752 -43229691
1281898313222 10846179369
-2914315677253 805491107202
1921421680049 1162064718
-2240379195954 -941427596195
-271553536456 3456700914735
1344237339870 -10416709433
7312666486991 766223479265
2987249038749 -42872260
-3089537420211 -95262452626
2004378928225 9978333410369
995021470268 -2544907809729
-101688442338 -2007230329279
2073863945218 -41936884137
6237387853839 4573960661345
-2771256570175 -850630139862
-1603492317998 -325323145527
-2845780499617 939093795630
7528594522333 171329494011
-334833473590 -3393411811623
-1935621303015 96468469642
3648247116833 -93771701784
-615915098012 -2538006149601
1728323744964 -366647943421
2136601545866 857878632309
3398759264074 -223141447161
-1681711234887 157309249832
1857649806570 128963989
-1452185836644 -94169936773
-2471445249866 -1129732485843
3303122851987 314328753234
-828913497574 -2165278547619
-3787913403719 3099322410
9507313553089 2253293320693
-1597103030426 325050415785
-3358394785920 369597610493
-1248663361597 2542956335784
873426758381 -2353581083874
-204075063871 -3389153357358
1727772675131 177769342926
2613418470587 -561416759100
4572135977553 4240552191377
2654929839113 3295133823141
