1400
-2405381986591 -1131999070932
2900197433806 -847417572459
5539992423873 7685608100245
-230372619639 3386782087588
2309236271522 -847660073637
-2690648839866 847757347667
8139544165337 1627737959233
-726712536764 -2834745981435
3305628461025 6731701217869
2390694894940 -847674423225
1340905176490 -110994651
-399291703977 1694619183772
1146976357763 4794033498945
7953386678853 2124976975174
-2585997030511 -1036091584608
5215841285185 2634356668957
3223627227044 5235027
-2110504743981 385924334
3765908796396 8285708052665
-454627012584 -2541478224221
4334190744775 9940013245951
8845051060470 9215286793385
-2613033429877 -564902651364
1594022569092 -314987265511
692936935463 -2552319606564
-823775538069 -2918397721822
1453206096395 97458229752
-1526691897844 -2353584033
-3137648454958 81352789263
-1609176297832 -254520756855
-2490912886904 -1133588746641
-957341360647 2259565881078
-1163224704701 -2437267078620
3614253572095 172718658
4967398436865 6795370824761
4074907615937 8869156021241
631394878489 7746927746049
-2202002655530 847289667951
1039568712981 492495944057
3036327055505 794113129281
4601164849095 1827262374079
-1374086770836 95305363777
6252332591585 8794834490913
2598279999377 -1129675079520
2905073329479 815907824398
5948859640545 1419983813957
6957715776583 6743263322113
2683886228241 -847290184084
7015111332139 5668682050461
-1147568094537 -2448748864952
2656195625746 1133324465181
1888736235225 30864527414
-2489458383247 1134756033804
1924183675034 2354165535
810061404433 -2730669306264
90966601806 -3691343954467
-3417200422657 366887736000
-287685299835 -3263614196092
7632856305547 86531689217
370070638019 3356630248548
-2825053056672 896275778185
3433053551979 7984910242817
-890040403246 -2726637360111
4036272528605 9663238821576
2220902342244 942995819833
-3578237314027 -17563040766
3344118571873 -189446843280
3531073281257 445425318
3701249142262 108075966093
1560646590407 282468003600
9755651073865 5459283691816
-2179087914449 817458767388
-2454868965165 531949174730
1264485116022 2538900387541
2669525389937 -1118870157096
-1905169184989 3486963762
-3163337250248 -114950673
5598813305711 5085266038373
4808657254877 935970088321
966513658598 2259440243781
3075563371572 86023468937
3785039916427 3352911546
1053578054115 2543026062524
2855415128268 744980332213
2255357552600 -983273378229
9012830155153 3009726425829
5139604647973 7912854581873
-1318361970303 23111246920
-1671089109163 -188324503308
803267779806 -2730492550733
3578290846297 5837634820607
263405087324 -3295130662839
2449409310238 3880110374337
6779658879745 7098012764363
-1690646054813 166071061050
6975602507029 9541458222465
2724424737930 815539280827
-1332786884852 -31251309759
421010522905 -1694613888072
-3194660406088 31465736097
-185860668638 1715116940379
6961472944376 8440681883199
-982898076974 2822147636769
-1696118310261 -414841072160
2538763124659 430107898212
4070130145607 2123405806999
-649312063939 2576576896518
1759777060661 1908342343327
4255517792877 6670525389710
3074710664861 5790425286229
1003786578147 2535880759478
-63147340120 3656550925539
5283875203191 7632987886638
7463731458869 9689347366375
-1525614021694 -3370044687
4446752771945 8642965234992
-2169808905104 -826725021909
-2207982050508 -850770589087
-145074793319 3385667659956
2031073253245 6570692454461
-1022316735174 -2510502887773
2723692543065 814773861554
1195212738983 -2531491100586
450920105665 8879559931697
2663054622195 1140183439300
2186700358792 849608348679
5144813091713 981894879177
603735968395 -2446589092470
1482848140830 -472391
-1318492811066 -44162570115
2036117797153 2209657257041
1573437501698 292860660465
-3744823404697 4433989986
897389449985 421495520517
1878248637030 20660831243
3578027039080 24412431033
1710671979353 187915588254
8131009825261 2506174287729
637341765861 2654019771541
-153067046450 -3377417068917
5088679878443 8004606860177
607680545359 2639884983390
894805712834 -2259105726825
-666229944568 2572114912083
-1073029293579 2541923053624
3054557279165 7598249473749
9033944344289 4373167798737
8831822511549 3495530735265
-1066472065500 2556975267649
3648462359543 93699957036
1800057518737 -317292085872
-3091615406066 63342989793
3725930319986 19413
1538513650650 -6972685235
-2178986632257 879858489160
-246254952468 3494183831099
-2726209986665 -867046877226
-1664770006759 383416080822
3397960009201 -160389974430
99381492275 3702969810756
1307992031668 -26603385261
-1485596702327 2323932444
1052836995662 2542661408631
2805510802440 941813892161
9432099652785 8439475998255
-2590361803886 -563696279883
1076218163451 7162287288907
-1095018061106 2459716828965
9579490753 -1854967708008
4446468423831 6109578944737
3120069472098 -62753792581
954651167076 2290672259315
-2422719559932 1129732495777
55136424429 1976977702424
8859644680097 3586816894109
-174331872071 -3419674560042
6522188240001 1891843793069
1891305148409 31365059604
6586659514077 7401370874594
-1116207528761 -2603350894824
4775743457955 5917182133431
-2598488190946 1129851651423
-2022107263077 95310203660
794590011908 -2826793085025
5965321490445 974194681933
3130491026502 -94087554671
-3767913854786 41496990939
411856253602 3379988675655
-601133689013 2646419759226
-3286099323296 -254439660237
-656633444202 -2499527033615
1284870736133 4048553875404
-1524464280994 129137949
-1210530205395 2510489733208
435105165690 2531534261485
419238123255 -1697949209842
5897754535209 5711081304789
3418861870209 195318929258
369319006823 3419373413790
3147760411823 7520135141157
9670398430161 505522765585
1295905978525 7352231467434
2695692863921 9512091685317
6089768292404 3736704643257
861457898707 2950967299320
8190948040879 5601879364589
-2454220887384 -597420992323
9608140323853 6879921211575
8190034932713 2141932275819
-1412141830295 71099047782
-1442982322265 86012139384
9104369306965 1065677056029
1510112364089 7120830152329
63483934466 9831685004469
8172294385801 1658594519024
1874044423224 -34851920819
23628461319 -3577625933710
846806356460 -2149021436445
-2598473575907 -564997779060
1350879947733 3953214588929
-3562295916814 -31639319505
-1371801376770 -90527197393
976496573157 3129971025697
2184515244872 -843757184001
-728672536341 -2258662166096
4070017920461 5020738157825
3203867379814 9343534505985
-1236459334076 -2510094100299
1184492786745 4696124275905
3133207112854 83725754247
1521111224440 31386040185
1502521194748 19756902375
7082345802913 8369913498871
1895706482802 31116402629
8175368658801 7344649796617
-1541941914056 -10288159767
2352442617409 2275403469621
3513968709627 -275455794662
9338286854898 6808968677937
6626346741021 679057992885
776581489941 -2259821940868
-2170598276497 -878712716250
2332789929738 852262889911
-1932630648862 94130424729
-3654238262625 -92574503276
3330950521915 272344203480
1485214632062 -5041188303
-2995161570987 864302318
-640575661992 -2542267794529
-3615388564231 -1249949202
-3362925327290 366161720511
2034416454110 -6370701
-1446452644334 82534556259
2243815662557 909994809096
-3133895269235 -104474035620
-1049123552426 2574236666787
-3409795420367 192892436010
-3187672255829 -31253514966
1155718856711 -2636130361842
2394868624671 849613131026
-2832282518116 973241741151
3098675394688 -125129360277
-1040432849944 -2562771541401
-499705063267 2531016438228
-3077546525652 105033992599
-1294791463420 -516538773
-3597193753361 -3287534118
853745202229 2383772772006
-2744011062626 -816663074499
2083250683208 27906439113
1011817530829 2541892931832
1117910830584 2420210459879
-1097827451878 2441854071603
471866060723 -2587414042278
-1123807675388 2415958961949
-411573115389 -3377861296120
388421182967 -1666683081702
875399729238 2365191876667
1547642964608 -4643672325
2208471048924 844208219753
2305919546554 941647011489
-1658479702779 366501199574
-1470345027452 -10092614655
674977442231 -2541881062962
-1111903824687 -2448813188386
-470930647781 2518612472178
3293272604063 327757733424
2541268239050 -495107444547
2869581017767 -942872938164
2492699302475 563553320406
-3038707137396 14349149
2629126965691 2681492597324
2433881031089 -1099885186800
-1408976281632 134819168059
2223298431313 5175669515833
-154316632575 -3378722546168
411801441429 1706324011408
-1751346340629 282817823156
1606053148956 313423133965
9512165513593 5427131038521
-228198957123 -1694663318890
-1979062310898 -115106765987
5053799514861 6283074583733
1253954672188 7669180494213
-1346203569293 -9312444858
-1161952274246 2649956678307
1433169118051 96861479886
689748796282 2555856664173
1357010833519 1864884212079
1238454363910 2510517127653
3936669606625 4624993352465
-1943807249516 104646581019
4440733729077 5840908191995
9099498381313 2552903297736
1117625235041 -2601156279906
-3672369743158 -69649082733
5311000837921 4068691840677
-2661537354309 -565107433292
-2636696006376 1084409671051
2483526631248 1140178499165
-3143179979032 83566361367
1378554291311 83252194380
-1301617186446 -425616607
-1179118004412 -2541865277233
203132805164 1725930661785
3738546667893 -10331053388
2115746677436 7598732794113
1416480977489 -115056799434
1946034608433 -85835148544
1737437593282 191431368639
9047035128385 8235353464337
2316861708283 5997336967239
3205826855876 41841419373
-3584602001570 30601267587
6532367650965 4472407263745
-3615400920174 1348829983
1359322303640 -4591648161
1449168529667 93738228102
-481624780182 -2571051406751
3330702965221 292775099184
-1727926105502 177692072571
1753269104721 2437058695017
8703262709595 4470645147217
637571695053 2537159321224
4767719403137 7165542125381
8420690852417 9665326533137
2179200808652 877780010547
-2569761852261 -649478776582
-881933877734 -2174591214243
-2282079877777 -756612889230
4734464475352 8536427841212
2150791059921 879815457872
-1124106546023 2667385303752
-2361393800862 815907320927
896086571647 -2822659824150
87936734400 -2008473372595
9553086772033 7763062543561
938720836662 -2845062839053
303369527614 1596256440561
3453596278145 6048182057445
6922872639221 4306692588943
3171775170417 -10704297754
8492120925889 9657365809767
5684501258321 847875520057
7550110718691 3793459137617
-626332546894 -2548423283391
2605812020271 -551428383740
3670371658336 -69491752227
-589434964962 -2446158814309
-839071532409 -2384559980506
1401567264166 -127419704775
-2382270069419 -857662868472
1740841459365 188285898538
-3004434699620 30820741569
2618875199838 1130889914119
-2391741466608 -845738927243
5256242360601 3305296872729
6825909313089 894797440017
3490708595275 -252354404586
-3545363251776 -13946630219
-1799387430480 316134921949
-2637155570191 588798345294
3434405181384 -377347547611
-3392461189359 144895811810
3229290200811 11579057866
-960415801356 -2824485068809
-1810958017317 279330455348
5218911789101 1006855412225
8632719306321 9694316674561
-3803388197208 -12419947
5715748558097 7380587250797
-63262769758 -1985180137857
5811365229209 4143999316676
1687947595935 406644835868
236387797505 3295140317544
-2163086602596 -805791926149
7051012682801 6740019303717
727085076331 2259436108122
3236688591950 -10445946003
9871201523713 6696477261422
2636722225471 -1147024640196
669558845485 2568987014586
-2676408670329 561329399384
857589381749 2324914547454
-3435274237066 -376400549079
2799744236679 754732372400
-2625140204948 -1156536274905
-905697489413 2248991940924
-2595134022037 -1133206526862
2587528776353 -471751343838
-3255125118223 282257344008
-3753471982382 31342795863
-1882805035351 -44429176188
1936740533974 -97759847709
2251678246570 721934609271
8468096199365 5217354623629
-740330347239 -2291071200896
-943951679592 -2866138313219
665125115710 2573245291347
1930748064745 3474909103230
851582804261 5517263141479
504842371841 5249235788797
2793126548761 768240959706
2051927469473 3520890645633
3792379335956 10086730419
-2269409903300 -905406666723
4319048045377 4259253019689
-2487915524176 561376402317
-2912577259569 878139002258
449755269678 2545984657913
-1557229644283 278949717918
-2431817709168 564773394295
1281151772304 -112490513
-1709346923488 -345050292369
-3147582634753 -98003795886
-2652999198636 -1128680352937
7692566848621 795689044279
4707957717860 3296721145611
4077643759865 1163722558477
8565643796257 351993477505
1586501135619 -249582258154
8957835450593 6941808003665
1750010931857 283462716834
-1615800908206 313777114575
3037765762522 66450453
943198995511 -2803384284126
-3807367374065 -4652234604
2190400601247 847289139914
3561874324777 3650521214849
-874686352895 -2909097464946
6188859492785 6656544769664
1559598893016 279324858403
1250591185035 918833462511
-3524647787313 -287077994776
-1995954795303 -94272489674
-2360854524626 -814724098791
842126931482 -2332601368317
1146294474235 2635994185776
2780702037183 -753149682208
344625924443 -1709700442632
-3370355736658 -188280874521
9982731002304 4458893217761
-2454573156579 -1099054551022
-822935547863 -2164647941700
1149135291062 -2632378182477
-1172366156452 2444107256541
1259143909878 6963667565233
455210005810 2573417303217
-2130164508181 -835637213934
7720999984385 8113685995713
2664515452249 -554397500118
6378854117692 1778657905517
955444240051 -2228830799274
382145174565 8861788115657
1300604490390 -905575229
-1044069484994 -2573120227335
2649361662358 -1161099802611
-2516269490261 -659255987784
2406792433307 126762733197
2111068443547 -179156910
-3567722473731 34998585542
1882857868241 46174786452
9818980916019 8853703792029
617062323131 2539923996228
-1666100216268 -198748302989
1678266253407 -187783903880
3541395318993 367974600449
-1328666250882 29062801675
3480219751589 8129464559185
409770045755 -1705080552468
4689113019257 4626209017169
3395958084720 221207539685
-352384688110 3387976461981
8479039737753 4113038226283
1407449648481 9623536947263
2870112722922 -751987928065
6178492334622 6011743508337
2856086268954 -744879928447
-32090909386 -3779674225803
3356419743045 3294387582785
3680715914238 -58873508641
9594312229529 2228268364795
-382856632786 -3420525878925
-346809253451 3375207319536
2426741002889 6566263461851
3018706103649 9313502669969
2396573191759 844363029636
2221956616066 753151748769
-2161565026493 890335212426
761959028039 2859162631452
4308781057 1903929366366
1113935088342 2447719460857
-2742972910233 878153128172
-1005322380325 2534374102446
-2526793226942 627376729563
5742639135967 5668424503361
207731003982 -3385662868187
1874828387108 31771071693
4258959917009 160049567809
6372639290517 9827828248833
-1398378784961 -123988906116
2709203412351 -842894659756
-2877486092260 843838488153
-819010422576 2344381821317
1914514921126 8088006333
3697393641825 -94098522718
-2626927760490 -530000493821
-448619686734 2545916823775
1991680444913 -62620048998
-1515272545113 27887838542
2809504064785 784526517450
8061604936113 582531170957
1670613420310 377610771267
-2596814796305 -1129718145204
6310380830945 4146159091219
-2945958728310 856754282981
7059836861073 1957164858577
3443881398617 282822821316
1729284619439 364562874954
2100660362497 4391509401983
-2297910206191 753964895142
9826413316025 6650272215169
1904537925336 -3400843175
2932041811062 879953335291
6913902068225 6346388172773
9453695485749 7975298066929
1601762410722 244476696581
3160319119693 3840603894
-462904110100 2573376028347
2257374978823 -983328470442
1269728408456 2540703999975
-10359854726 -1848773079945
-3178205716694 3488356125
-3189667427508 -27764991161
-477424705204 -2574466020273
7113811515893 737801843729
2602936515857 550863572292
-3318108453739 282861092778
1527496972094 -2329019487
1604401337953 8056703853185
1792878477301 1494650916623
7531578685826 6388196821709
7457098827999 1556181652825
6746510141393 8268317616481
-517724325000 -2541890237429
3687055217618 -125395472007
-3246197656075 -1644805440
2477327673323 554399065062
-2102643414639 8571100856
1527497901517 -2330919882
1085327292114 2636011143857
-3358312319888 -196422529335
-2944256389800 -847333250243
7841229520837 6693119296077
-688763196242 2527923475887
2224372609592 -764770173261
1739995352302 -375783505011
1684205221919 -154202912136
-905822852411 2270024188488
-2914998497266 888498787707
-3748600803068 -1176078963
-2607186161154 -575321022737
5326160777569 5437043687201
6291598442661 6732286791169
5220404481677 3752471285345
-2508997551882 -477817029505
2254550567294 -920511023085
1396968482559 -62379560530
3503293978123 -285873195426
-1778856971103 247547359652
-3154776879693 -86093522
4467581508897 3396572114839
-747813893256 -2792900474723
782282770006 -2269525403979
2333513068783 850790267622
-1870476253637 31465381572
493966153444 2541408788331
797267257071 -2259704227024
5212340917403 5359581733567
4374253657193 9669940116673
1865644020068 -1152630621
-1694112534101 -330083791254
8383084389353 89087431681
1189881184985 9511685790473
-1817009224651 -273059697984
937764453501 -2781679104490
1933527599736 90666028189
1294659989475 -392203702
1776744062223 310455071774
-789985525001 -2259565784388
-312825811653 1782121259264
-690308444457 2549613866074
3525969250647 -286040697736
-1355579720122 187599645
-389014553431 1726068811584
1386024427476 -94128836261
6304817646225 2195015251201
7591895976025 7716222289689
1085472744722 -2635636466739
-2434066596437 1159938536454
523574974952 -2631340770375
-1809610076297 -280616729994
2882498160772 -837230027739
3489749419841 7849753113461
-3170188568115 13952272684
3594707298566 -1534152801
1659886779629 -386274164958
-3785229884126 -3429386595
533849456405 991841292610
8394864450789 1060466868925
-2796315696192 952655783545
1704790744615 405586192218
-1156694002184 -2625585854985
-1390831404447 -98878778380
-1585944289466 312648452481
-2444886627184 1087935716499
2026109289219 -1165272958
4058624950113 1246392870815
984407807302 -2262401623521
292097968688 3455575705503
-203063617294 1725824237913
-2369079103937 -878827570344
4710744063979 1299729091874
9967191284993 7707078329277
1784325537213 240618470500
1316426394706 -38231866269
-2070581421132 -44167530883
-1244195537968 2538373736067
-2365095973231 -875570353284
451206203012 2545310811387
-1712429384149 375544641324
-109945447503 1976990812138
448469559336 -2538768064643
1755419430803 1338423821309
631158392382 -2529726832351
-654820836959 2520959640696
-2628742015809 -595077536734
968563216070 4648682763521
638000363312 -2536812887547
2110937983513 9393975598768
-3731419368013 11605247676
805037502223 5961038359392
1580749522754 -285523966413
3599338405561 2420981899995
-1076504418687 2538336667240
-3295410759625 -308080599444
287998138846 1757387111025
-2970188719153 4648693518
-3728016766979 -53136726
-1441147559169 -83159944514
-2869073754145 -754309844010
-2232495541869 951877235690
3075186021154 88713688401
7458574426953 6469474431233
-3592701814366 31767883125
-2507173170143 461790403758
-2018393818219 96465401202
883099893728 -2154847108725
3373565824407 -345206004634
-1642858615141 278941120578
3311039014725 3214981698749
3185747696907 31853954612
-1648319294055 376572157622
929442816877 2231369763822
473556124495 -2520911644068
496308578271 -2541349097090
-1176075074572 2448137169081
266916892524 1569230470999
-1397852237146 124476774705
-48066436699 -3106854050202
9773571059177 8660995740045
2442567186432 606745301045
2255637618613 1122169853825
-761454265196 -2856044732805
641658206902 2541076481673
3324948270413 5065607399784
1050593607099 2510080845446
-826215173290 -2913400542009
6185268509841 6862148650993
-3290791934405 240438264354
1121860851710 2604671144523
1660963702755 387434856788
2165515261253 5371196466317
-2347292940097 -815887912752
-2938274129235 -843412994180
8227287986161 9536181372545
3433132129881 9668297622947
7993663736593 6386167417241
-3293581960696 264952560465
8292824328274 262944811521
8891965979955 1521560587161
-3785132679820 3615753249
-3744495001505 -4647337794
-499759222757 2552029823520
678260248392 -2545305274873
2988592476179 -1028550402
-2109016634117 1165822956
-312045722902 -1610905900983
-1662257950355 362623979088
3472156817563 254535202926
9677520658045 6847167820257
-979584053163 -2823137368030
130386110073 8287035781391
5665227976815 6302638718537
1273077955009 1338142110
2139232628043 -847288609522
2072597977485 -17429138456
9667586683289 4402967862085
-1188921545921 2551558311414
2819667920057 4511472935473
-2046529246552 -1171827657
-466033501515 -2499768261188
2664221283527 1800700726273
-3174940327491 -135460838
5034038537299 8832640687009
-2377235928411 847418811838
8844216082817 856422870962
-1168002339125 2637563472324
-1712688453434 -376572710691
-450942256279 2544883887570
834999798337 -2196716670342
-3088298114835 94516250248
-1666376976634 -197569037817
2470198734431 -1133391407088
2152850510298 -878789127115
-504755703191 -2552453569908
1567087605565 8533067398709
1677187277525 6209720507013
-2530375293784 -1196411336163
-689469818120 2534937235179
-3355256333093 -177438577482
644915139654 2574753581159
7760019227481 8119272050605
-2310306853807 -843844692696
184144218993 6597953629633
2982419911207 -13692066420
3285630550610 254908310889
-3106791526782 113128429733
4793747574901 876842431121
427181472970 -2545389872397
997092665663 2542693792968
41028144360 1509919066529
4991400730977 9672563488957
679085152511 2538506596446
-2127296312841 -848575188332
833591557776 -2885938797817
-3007907567725 20662422894
-1642211243436 -278297051293
999136378781 2531319447018
-1452295786136 90703164789
-2919661192740 -864205488935
2850246290003 941330814642
-2077795206188 32408865795
2165181599620 823613444247
2783990683322 -756464229105
621332544539 3821747188549
-2248929176313 -908228633500
-439124786748 2536070464147
1264799068375 -2545384492872
2280156007831 -748492662636
2748148803102 4500659858208
109908635905 7703579377915
-3270871059309 -283633368476
3788583159441 -152523548
3809023884140 3486764619
501894242517 2556979498610
3306731389956 639583791841
-2387316974920 857491390071
-100257620693 3702946433418
-3545722955715 12655676942
1363064281339 1120980384
-3158615491527 4779300430
-1807143007532 -282052212561
-2226869849128 -927741338613
1192453733619 -2547165541678
-3049712824209 -258339538
3415909582117 199264859292
-2903955286445 -817025172438
1821287313702 -268222524469
-71991412546 -1408272967107
2608121947270 555862308291
-1949545195961 -103331282688
774900569901 730756335709
1480542390553 5623084737089
-3405229096711 -376572772170
-2784903898479 -941761950886
8966136036495 8872995400982
-2027539673670 -14349421
1938213659046 95177067497
-20965834603 -3579488083308
7982238521411 243511696201
4371319452849 343883235501
1194137457833 -2527918756758
3530306514345 282405622276
9245539766513 7699128126337
-1497287376296 34853436021
-3057111523303 130695354
2090433060969 -3495820112
53706291315 1408699518236
1389496675885 -90656219466
1612679943015 313811124584
-1009103040715 -2531457556308
-2756426646917 -857754388566
-3638124803078 104646531117
-1311422910917 -30406376394
-920519380098 2827093342775
1009257018177 6880090707491
7923461372785 7956790267397
-418620067279 1696900148226
-2533044900 2050243627807
2090133139694 -154649331
1911041133051 11622732508
-3800716769010 8953896527
1289429776336 10460352393
-1518531710559 31376237284
7479648934209 8839417398925
8798786741905 3037016442170
3639127663170 100719760471
540911547825 2446555602070
1389594670187 97644312054
3755993072735 -27752380704
-3577070741965 -46317702690
3288212818457 251808438024
2276038324548 941296307981
7752002806339 372514524526
8480842448241 3907542401233
319753322653 3875205085777
2390483568734 -847283846181
2231507611636 -764509773735
-1189711589704 -2552461701093
2508043421537 3472698893289
907356788848 2813920944585
2030386249117 -3883062234
-596892921011 -2440720336962
3746778752888 -129671601
1774380943217 249698597778
-750950834866 -2217931277535
3041720022904 10085873193
-785754869978 -2245876581321
-1595868208997 323897877720
3585696124315 -31724541000
-1235327082116 -2569368077253
-2340553521679 878712774066
-3751269744850 32514976737
-3548220188205 -10848302936
409335106928 3403087213275
-2574927624227 484725210336
-1122574634132 -2665821262977
-1225581297796 -2566254204003
3108443726281 4940124483921
-1827817988428 -282300081495
2326043642554 838116465747
2326304129890 836832972861
-3246121263044 -1550042073
5619039502233 1177484321951
799350824186 2824300147785
337493053273 -1694720648664
-649416198008 -2513966602419
2537076130855 -1015084813194
-957416125230 -2824288948645
122167734470 3680432650851
137126758147 1415333146590
1931408493689 8776607279725
-342581430500 3378698867541
2843486068300 -756631624293
7363316184313 686173123488
336438497618 3385670782983
689979430476 2547853987423
7713043408103 53199772113
2563804178278 467578422477
2236606072608 941555970503
-3400120293915 340586188822
1291529790385 1367460410878
-2678938011793 560984336628
3178461705666 3615373439
-201978556248 -1664301497507
-3499519976070 -282959894863
572895949957 -2415949915050
7828234213041 9211029991801
1835561662553 -282286421388
2055012585663 -357128326
9413974765405 3294007089029
1606494013416 -251003482213
380922492033 -1715478636442
3708268704935 2916723110179
5713290504509 545949073010
5808987983657 8401339111553
2110170090884 44584911
-2720395982329 -819389334744
-3675513590127 114025980958
2159982226726 -815945332527
73508567425 -3676237835868
-1340153255762 -3099383817
3830480154753 8633359379359
4548751027085 5892723534017
4318048237645 6148731653983
-1820291197585 -290178713808
501273025800 -2548695854897
3138611669658 -106971100045
-1573397695305 -271954221950
-3416553400205 -199952156826
-162575362959 1694151560890
-2593521259213 -561349968552
2631268199624 -544340092167
2816633485809 86811233067
-1221055220787 2562787059452
-446870956529 2543042951676
584995254199 -2632695488586
4047149740449 6979429830529
-234996453254 -1694561336919
418500039028 3859233644545
-3144378558185 -94147741158
-1960284266636 -94272378633
-2849638396429 -753145489662
3288952828134 313853957633
6493591262619 4561631349889
362642860930 -1727336298177
3723806347143 -5050815040
-3054198866783 4650891696
8453431561873 6304775324625
2562937435978 468778673583
2130250580720 856988418171
3037485552652 -1119334227
2190892230721 7319572752885
-942186572189 2806947540168
3429808116099 -192290404742
78157536146 1977001971681
-2420253471307 1120303465218
1082528068861 9399871875873
-3555243412550 3824846031
-3015802219175 -19715752176
4618626543661 4851454363281
9019271222261 960213261750
3479598599417 5888223528763
-1092624653526 -2636401507237
-2452636630786 1108826143407
3161369884115 2471918513329
3433603537877 6677656777217
1566779474323 6024894320879
-228861932422 3385279503801
1687585477246 -344330721297
-1888913258661 31339589716
3415144591449 9829887266353
2304623261838 943029306577
3616662127952 -14178321
-1894336974390 -27463835825
3232150684877 5920479264443
-505835912148 2532596435063
481401105575 -2577898211940
7134783674825 2379061470077
1973077166020 -116350484211
1524639327346 43202667
7096932153158 8172590591579
2782784953739 9256772713293
206583421925 1694557909872
1685209219472 -153035361369
5180579848355 8245504199731
718886183555 2813820669504
-687316140914 -2532696876999
3145985374853 94195793916
1673512121961 2792278865329
440283443602 -2548849729599
195866451374 -1725972566931
1847825571617 12000475560
-1036225613492 -2580161939421
3301274759768 -251048279793
4373381263573 908291013637
6464128694361 8907509073673
1240622886049 -2541870433422
2113451916058 -2329899621
8741888261196 5928438901345
4662827533187 8857903011241
2247143549082 -784528329259
2454763428320 -1096785280773
-1384299161637 -106268201414
2767235419929 8603832203877
1761050606685 6931061042497
1000488569602 2553503325129
-1502343835239 22078064602
-2987965884967 -1176840990
-417837091944 3393803995399
3403063130426 2345150182209
806138175368 2168789465475
6613320590417 9718443061612
1015991176126 -2545725746277
-451896571695 2541865451896
1299439291041 263063056
8848842387335 2566597213169
3473000867943 255310283768
1923594733979 -4001928204
-46910990749 -1506163374414
2974960646985 139298068
1000345073587 -2532439119096
1404404645809 -62574176376
-682940171407 2540717913582
1744484323926 -282047546393
1216475170181 -2511517830978
2471379158241 -564990174868
-2837032971988 -973342281213
1173079749798 2632386703387
8306111450185 4064551904769
-3601024512154 -114961833
925286505625 2966292885902
1699852358152 219622927065
2453910713096 533563929675
655854066938 2563805486457
3427192657063 -189445489446
-933398501357 -2856068864406
-3345563732128 -376577496171
2607568735292 -555564169875
3350190767312 -188272777041
40356407824 1502804010951
3444052934809 1745047862283
6793661598553 2697748553081
-320082922842 1788716146913
-3480949631768 261765344079
2135211633736 853831179351
-398358424697 -1698051325410
1505142964286 -24108584037
1757632042531 3817708845879
3320815108378 282427944093
-2681125160569 -1130865632010
1008323026647 -2531377351682
-3497509541090 312590408391
-1573613978092 292492984203
2658980721293 1020649483181
3373707248635 -219553098156
9190982913409 1378662622367
2186717995424 842677768989
3442847270365 278936355108
2199877276383 837991068916
-676368561306 2542639062079
-2726558055402 889904725451
-1776470984104 -251007577785
6577163941967 7000722190337
5985977381445 6977870111941
-1063570977828 2529860554543
989131198791 2542368211640
2188254147092 847288626855
3179356306075 -3486785946
2367647721577 815175066702
1460590136785 -1245045336
2545783407284 -1264690399005
-1392294816533 98017469010
-3747295444877 -386889882
-2078682791554 -30207637977
3161011909174 116385363
3364404457921 4726971947831
2205535014337 843945294348
300490440706 3295055884191
2044406449794 10159025453
-2304416011163 942735944484
1102671957782 -2625553966185
3643544561443 3368604832353
-2127840846454 847227198489
2209648071977 894961324129
1090618002414 -2636144531149
7840251527425 6029113924927
-3165303318435 10460819092
1663217756053 -175759703496
8113347262607 777502678075
-510553758369 -2541864469870
758920744330 2855432489751
2560458507460 6710464736929
2765636963561 -836830736298
-2955855339193 847290256254
-9239333667 -1541411650502
1340948780313 9523807580703
-1871164269024 27505732789
1976139007300 139485724977
-3023133311003 35626819842
3799366683419 10072873674
42882636197 -3769644938472
-3225843159937 -1161611928
2901749017595 -847421942904
117930252014 5851837273857
1508008692201 -38367389314
8706832506 3797107707481
212058577952 1694534224731
-43447172859 2074761069338
-1963294954058 -61599854745
-1035275600159 -2560452504936
-3423329302477 -198762545196
-2700304316041 854429353254
3054913347440 -2319742215
-389395656006 1726490302667
327314313003 -1790006431474
1682346467306 156918012723
-1214880065093 -2576738455092
-2467238402783 -561334094136
3505857901747 285930847692
-2304585958554 942995462663
3139326652481 8681192581889
818389728008 -2155223823789
8414055078793 461822237331
2287172379057 2158080059027
7657112791041 1802445219577
4477780068494 5473300086681
-115472843761 -3676103880048
5110786119316 333268092929
3294410434944 -327738094435
1095496337892 -2458205373529
3812274843023 265249566
2547990411429 690383317996
-2599233892400 -564734892915
-1508112837741 41887703312
-1179926875503 -2541870611336
-1185840784413 2542897296932
1062817998423 2552299060436
1359755128293 1953754514
2360471085097 9587391880737
-2810306172522 -723423884111
2765964393510 9140643109569
1250372559453 2592002546465
-799459830629 -2259837999762
1307539527218 -26504490639
195976426946 -1663071816393
-1652830702441 -190996727058
8254377826888 6639155192501
-2423561203701 -565982950324
-723627413640 2248980778795
808255282903 -2918436771438
794505275364 2819645610353
3324784648939 3873609811899
-1197939350013 2541736137122
2474784078119 1348191050722
2896587503784 843797048665
1002903746862 2534480994059
-2133107095485 840191260006
-3062116245492 -94009078543
-2871426338129 -847229619222
-1330028023266 -35044879547
2312736838472 850387912119
3416296089522 198617039891
1469946566348 1443905623031
-1776368459947 -251163308196
-135362489536 3110210084859
7690002669425 4989395628389
-76804646130 1412920926871
6505093527429 723162298367
37812591617 2072312907246
-1009843319501 2541476760954
8400577577293 498105357179
-868469707964 -2913841872045
6211647065929 3081382287809
3622680336471 1535333048
-752444913106 2242002188253
-1710850683792 377151983297
-1438629368183 104560080720
-641345312345 -2543028679548
3683282432398 59664290661
1625539033534 282429536463
1398403361251 2458942082209
1803365273071 -251047059708
2273051207317 918021696001
-147026871108 3385667213761
2914061278309 1303983356801
2982759275751 -6885880876
1135911771404 -2478918766647
-1583875071508 -282423217509
-1489129321346 -1202650095
7776979165533 1558270383529
5806626111421 631503899837
5788685579069 1564971553369
1059571259442 2542901084143
-1784943120380 260346626847
-2087361212996 517153329
2161104306731 805451743110
3898622475569 4559350673141
-391381204340 1725975796041
-954412382138 -2290818945771
2171948614114 877507407315
2886632864793 862254414956
3716616315573 95289433510
-955817177807 -2791622411568
6195970132650 8728695150669
1720717420617 260969805697
-1479776610960 10474682315
-3710744425653 -94277156572
-1554521119805 -282429540108
-2455997413661 533821305288
-850671991255 2121901506414
-2068733888264 -21320894925
-2524932123229 471839890404
-324016496756 -3478591175091
8554236842289 1269865313109
-1914964280213 -14081235444
2461315483577 6900720536193
1261706280203 2540646059454
-306778428915 -3484722935782
-3392499419918 -209933541933
-3092609969949 -126315022634
-1541705471211 -11627043562
1748571494266 -285956181051
3944354956289 249599111657
1163263296339 5478550703681
3465582837674 -283591257039
1259543552961 8897644682349
230737470170 1691104787793
664634353409 -2510083019328
1922800536357 5413211662433
-2934889115451 847661639228
-3422430208705 -387173351358
5933958886597 7142180873465
9774782117253 645000335083
2836930232147 4809903457293
1374716961431 2117139223489
-829729850749 2354381259858
3987782234881 263949890593
-613149677274 -2543071719691
1948079350560 104248785403
-1096454716129 -2437133055558
680250022357 2546643502656
-3672676431901 132115209324
-1998979853976 -91002900443
7418226602561 4507044348197
-2326612934680 857746786419
7066123648287 8521388916321
-3577454102170 -43955375757
-2888373785931 -839927449568
6801768771303 7276302177301
-2173729683300 815915363993
-1903556723694 4644262169
1615433878389 -313464805390
3619596698419 4644243216
1523305888088 1033147287
-3071495051783 84974757960
-2765221832742 837995298425
1100559142312 2436879665367
-1352982613332 12052012681
-2183285672681 -846107216100
370633127584 1663550042931
2218091742759 -757838938402
-2229389838236 948038199867
2491398236426 -564859109925
5471507146305 5294959256913
-184133544132 -1715454877841
516035506434 2542813039981
7129966908702 9699811166657
705378619098 -2541438589621
-1855369005986 11799393597
5999646168518 4462541759761
4469952795413 6539070068865
5007115690458 1560153402977
-2716266376141 -876990845988
1957457302931 2173579243917
-350697490328 -3389170378797
-2039075890983 6986204588
-237421903066 3296171395863
1391239123553 -96946169166
3217758726271 1167044346
1185712072227 -2543026515158
2462656051313 3876003236945
2830545739943 -972683698938
1086745778014 -2638979053749
2064823194024 -31433516761
125133374381 1427414396868
4970507090001 1845870083137
553952068759 -2669839497102
-2131478280711 857403014236
3403666109629 344042682456
4106518748419 528134864129
3413199678675 650254310689
-3643869708873 106153687354
-1091722599363 -2446424949394
1755621000021 -275470373530
-2269921189073 717630286860
4270662710273 9799178898945
991374161599 5703233360065
3356319968288 -202234905141
-2642691026386 -595079996871
1418969055041 3585880937173
-951705989080 2860716138723
1671335789837 113956022589
-2663390140277 -574186372812
9103476083508 2777601502259
2858999313210 -762830942113
2191512133785 6788734645413
3125894706097 94139923086
-881143611475 2364384022506
177852147186 3416144732081
-81871167857 1443471464484
-3308415567106 314972876889
-695656046772 2541865825895
-2053724426911 -860757276
3225954732393 940328
2889357303931 836313281154
2249422055689 4081368847437
1082837948960 2636104607487
2371779101842 -847376290647
3346467997997 278438387959
2308784387167 -846174345330
566785502946 2677678054969
338680060186 -3387992120199
-3648061518442 94188391443
1415763768690 71708456551
889060958877 2916501322114
-1958985081316 -94149432165
-849119272713 -2876597072960
-2507192855104 -459093201435
1772406256736 -281895616179
-1319340388970 24775315047
2341791320580 874809806261
2062787132210 31381234677
-953501943799 2859034266300
-3736767591281 -10847780262
-3476323434691 -249337939038
-854225973915 2195009859194
-387551506729 3422912632974
912153012597 2269911000526
1254814590939 -2529195868106
-2595320868584 1125756075879
1454729239763 -90785476230
-2343095155838 -811001461473
2695776671428 -856588288779
1057217179425 -2538506646872
3429026723273 376443052218
6186040823631 6881202987545
658515487530 -2523274605307
-2527406963472 1065737274301
-551874841818 2604622434229
524991084371 2636123716986
2585941976966 471089203371
-2102671228745 13128558084
8598526096625 3249663160621
-441310835180 2552209796763
2070861743797 18600907662
-1975476078311 -69565606488
937445342649 2864931469372
2970748867050 4950214753
2870273059057 941460656694
1940563188313 104474525166
3683698565894 -129009432891
-923535736919 -2825458157796
-3024157745807 -34365678270
2119211024946 -847203045499
2676973226941 561377062698
3582959133288 -31381059583
152518372706 -3399643502667
1426468865 7881092904673
-1022974456004 -2573638911993
3436442138040 -282300744295
7521080851681 570408240573
1722513378424 385344687015
-383359659886 1663968165987
-2219934915166 753451534287
3343273655605 189462948750
-530244212414 2626651814427
2976536550490 10162254843
-3474366494617 317125190208
-2587183310231 659604728820
-582734407782 2637300934423
2264108054412 -732482997263
9561686711809 793153438337
2644886671774 1101696515145
-1344101994119 -43702092
4948114248861 8336495855953
3264872722020 -275054318651
2035843076929 9427409208
8003744361809 5668687987193
-1343216888081 -123799512
-313694480078 1591949050851
-3259186012931 292889896326
2359712190382 -878669689185
-2249387524238 -786724000857
9794015096433 216389870945
-3002058373934 36288385911
-3652634215500 -94012503119
5930256436819 7010724771540
-2877304709910 850773818879
8671024491957 2124506131457
2301923736831 756568389608
7363487995469 9220069643587
4628679513341 7835872527003
709173419720 2259436488957
3114190229399 -126686412258
-2508664471139 1213448779620
-3648731810234 94071375963
9084118403307 2058132429281
3336379051753 284733864654
