1400
-1681521757433 -219628969806
-1370923549865 97626781200
-3228547935475 -9288524334
981263730781 -2824298556060
-3522797980993 -282726237948
328323795575 -3296158469730
6185156230369 465975796801
1406417029931 63162311724
1781721611843 -251952431688
-3784668167019 -149689216
-3391186558275 334729727854
2013009496597 2268381436999
330386578843 7172944911025
5099908674385 3651076672353
2672942002157 3341953233567
2320386373051 857808024516
-3240432478483 -242338554
-3395102099790 -220097884447
-54814323735 -1976614013938
2907585096654 -873948958021
934272947386 -2228825231211
9308503931905 1559923019521
7277735057409 7122604650687
-2794897885087 -931115433948
-50469096880 -1412149275969
1430730871857 4673173456581
-1040224942920 -2500306610743
5561884594113 3272080544043
4523617207340 137453470331
1900029719017 4451963318493
-2236361708555 941025922716
2023322011878 -94544338049
-602845990363 -2446389619896
1834658080345 282415003872
-3210102085095 -35384395910
-1256230351323 2535298568876
-373327214126 -1674862037829
-1987247230313 -65103125580
-3218931200262 38381851
-3530637510717 -58240
-887215575170 -2730023095311
3788517672216 -1650211
1500428669409 -30865030394
-2452227965326 -585353012583
7681461975941 9086109321429
1258463196625 -2530286261118
-3649959220910 90661199265
-1917206943302 -11579232609
-209927676756 3392769719323
2722755622469 2654427718827
3881766156065 9502835184141
1541401641483 9345764420
3455382045571 4772106517653
-2493321265177 563744461122
639491102754 -2538335511719
-489113260463 -2541861246330
4550701792417 3674730159269
-239991115916 -3479796549009
9193213321793 5269024236217
-181326153760 1664062057485
5714340604817 8487144442809
3611112395758 -10200655701
247165059115 -1588637611434
-3494847424032 316905442385
-2949399308551 -832306933116
2277110293946 942551006091
-2598845009977 -564604041594
-2119913836957 -845610167568
8643576097473 2139617685239
-2710416414891 843285338864
1172799606040 2632909591017
2666770074069 557885983600
3402788699165 5425176577057
-1522747984135 391967262
3493341828351 1508071837821
-1171199937354 -2633560187563
21883887008 -1879381045857
2197307101089 5551355609649
-1778388139986 -246753140905
1252393184329 1121826576801
2848566106511 754652144580
949022780820 -2792917511099
1420334085000 125782698817
3697894396733 -104476049622
3526309439653 -279243577926
826008768243 2732350783532
7107841944190 480004957549
2190946718693 -846910735236
3788748903388 6561
9751313523409 4127745577233
6019586468373 5320823880402
-354128749991 3392516924754
1649536418499 -377738145836
5803350221287 9258465165783
-3426494747565 187940448586
7608475747969 3601314627409
7296732255793 8007189158033
3199145472494 45310659657
9086740433337 5707639977697
251647967094 3476310112583
3753326702687 31481023302
1934503661885 -90617782968
-3758673061553 -29847316518
-1077945564522 2546552604311
1499731189369 9820118954704
4822815572957 4357073881526
3565942999667 -35314432248
-3356685009561 390912299288
372061667591 -1674085459938
269005579857 6896438527937
3671273626171 -112738007088
1832929375315 -282183046326
-3597872713064 4653824217
980665347133 1299894161456
-2042911986591 11740513384
-3557535081443 3917089536
-2962935435432 847422534815
997708389000 2543035057579
-3344560857106 188142925473
6251804880683 7385450856929
3625977298908 -92937962483
9181520522273 702734508577
-1578886546310 278986855839
897169397170 2259047277981
3156918530224 19132605
9621447145719 4192429187429
-1764861137258 283591270269
1807589419774 282469923801
-1446702661736 82520505057
4319224494986 1657851998709
1028973506625 5857637468117
391143388039 -1663195680324
-1065669616916 -2549253391863
1645263272601 -283635222782
-830803713425 2730171337296
-1528801859889 -3343294852
2427066086874 1134395647813
646138005896 -2510082960201
-1153289059813 -2636136552966
4154713113281 678287210561
-810825064236 2929013147905
-2845511095282 939092563107
7905559106433 4034034510425
1640390241568 -282302051157
2779814329468 -941438340603
-2350299098390 827531758827
1599855352811 263832095424
7827412317197 6485717858521
3029679346177 7835464027255
6661320113485 1883423817518
-1348278873090 -14469030901
-1788559727906 326982859155
1502062252968 -21048055813
6641895533405 5016860171861
-3042535593289 -14004535104
3287182844081 9390304327537
-500143470180 -2531238071167
-1627873740927 -273129260632
3016574499897 22126177570
457586329260 3298309317649
5444364893185 3810890724593
-3593312926218 90855977
-1335597219926 -1554464697
-2877370543482 -843619599179
2114321054617 6756036758754
64665549954 1987597254539
709992407282 2828212382493
2621526883521 3363446397814
3411078845547 192163689926
3120943240869 6488321713033
582378884852 2637567136053
-3735038963215 6960813486
616411017329 4894796309749
232949698344 1694535472049
1104776169749 5811563770963
761040701540 2855719966053
-1936756062985 97510364946
3503653209519 277764488666
-3034382506222 3485840589
-3268175358732 293277837259
388049335914 -3354717001951
3217318263521 -402117810
890327885342 2357582953509
-3495164486498 -317337239307
-2903313427045 878450183838
9933596704641 8989867851110
-3730786054025 -8915100246
-2713709712391 -847685064402
4907580899097 9415003382289
-1354561331056 -10415515329
2751306370192 -842639479059
1837385337542 -731348019
8125694064999 7120314113369
1630997431137 9214156227979
1992644885453 -62800226964
-49649431078 3106849435629
2117916195005 -43696260
2730780694929 -871653013444
1206168190422 -2543080699511
616424544866 -2538492238593
-1362209266685 -500792112
3397531542735 -219710335006
-3468616025723 250905132132
-3734338751194 -13000118571
518095709437 -2447768894112
7586488904780 6388062200833
-1246238162301 2538378815032
-1713290068411 -187946766864
2490268185289 7722217740933
889727974394 2914968049227
4345529191905 9069722375657
-1312183727041 -31684505940
-1484101561817 3099186738
5623649583841 9617025333409
-331315011452 -3389924435931
3251040068675 -282430054098
1690956856733 -354075144012
-193864863649 3420535143096
9688937226169 4821941548641
-3280217625242 251044755999
524815536679 2636053765974
4067563285253 4344891586913
-2661821290127 -1129756875480
5154368534433 726046629575
5287356723193 6257939997466
2140681998675 848451054428
-3775288497560 -34809442575
916964013227 -2823649683678
-338794062546 1695734697223
-1718870141763 -189789274210
-2032894255626 -1544367607
1270582273450 -2541860992389
962171009777 8573706402917
-524609853723 -2444118140918
510536249924 2541884840325
-2822698235009 -896216847012
-859377237393 2193187184992
-2378284815241 846140696184
-1166473728732 -2635893520435
8773725516705 4898139902465
2938355182637 6104567738881
2491296602290 6515911461769
-487008651181 -2542081002570
-3354784341275 197539808382
4347148776797 7559830479063
2805547738941 -941819864618
2269351647668 905395837185
3787410193921 2799530364465
3634342647195 -93870391508
2742276098899 2798811903859
187609046180 4781023328071
3323576387645 5002583596609
484290260043 -2574587694718
8882100545019 6189996675377
-193643384944 -3357775504179
-494388890711 -2541722162010
-1506355167170 16529809887
-3121394996184 -125396756335
-2169262319451 -827528589782
1079864679612 2542283718101
9785794745225 8278742414592
1043135139921 7451191421409
1606684381007 313939894230
-2846412481779 -749143675514
-1171107204015 -2633684476526
-2372062582634 -847713779901
-377677155994 -3435005572929
-1582793150445 283591822012
-3311811168559 -282386752200
421853212225 1559686811656
578912457070 -2477553842721
-1165655107053 -2436860526338
1623069465473 7115004792667
3122254495356 408426775497
2372565113777 847183206978
1191561504684 2555849641913
-2209337087524 -847632983139
3299459750273 240581804904
1000616141073 -2553087738430
173727526104 1663194348493
6514812499025 1778743952104
-1826017908736 282042994419
-3202607334075 17433331298
-102534374575 3075286439490
1640957371099 279334955538
335823490943 -3393024220344
77258245277 9157923141089
-2801112836955 -940916722798
-3658674912213 63179381168
2205716449077 843859160894
8041845821487 1576188711659
8241936196561 112955782041
806007698618 -2732467183083
4405740088536 5621112132017
247993757317 1591245169260
-2495751278841 1223689065698
7864802691339 5594082446991
1058093848694 -2545207531497
-1304760282112 31378448217
-1333266991867 31770428460
3684710802565 -62618619216
-3442322560895 -278955486978
892337791744 2728946483409
7640504242841 4707051509609
-2444153654159 -1107262047396
-1072776552604 2541307856103
9912303476661 1130832019901
-1675064159328 -373037576309
-3432248075109 -184426560946
-2599942897285 554126089788
99092411798 -3085823156265
-539724257074 -2635892615001
8869634647809 1096660538081
-1114330818210 2604583069579
510322337355 -2541492755776
3552192953818 531441
3363474631125 188632681516
2866427262540 -939107271901
2845338755290 -945721749393
-1449983967751 95252238006
-1065781522924 -2527354068651
-312582281252 1593847826127
-1906123900511 298144476
1765607776789 8605572816551
6565868456401 4366036753313
909444066105 2252478687418
-3251398915507 282443806440
3573336442480 -20927260881
3037352654437 1031900994
2765097042833 5362676283561
1207566286752 2541350957995
4409456422145 2741348712609
3081362297757 94142627594
-1677283113380 378165266829
479055753561 6062872169076
1036454458871 9775176265753
2949273087607 853104647976
455170914104 -2573360025813
-412437876376 -3400002143667
7295183303962 257818508173
-1069476410824 -2531404393623
2856324033876 934424743303
2391467446919 8183954768551
2076066542747 41799960756
924498426889 8387752893720
759685238239 8277509011483
1332313945443 -30347933632
-1871295759087 34351117822
3716542394551 -95218817568
-3224618134485 43223140
1183346659648 2537991622779
4794522414912 2498745429161
-879820729924 -2151131100525
-849706076374 -2897919807831
9359700588869 9696575152229
5333091859608 2932051838781
-1507989588445 -38396063424
1603522840231 -302015595522
4173113096219 6056817012225
3729331857845 1227967432161
2323059226185 -854279197588
8462949429021 3251189962633
-2935335110188 846083636145
1530113518073 2268
-2066425348746 20533463065
-2269126598426 -788169105015
1146468780801 8430110167657
548354283133 2447722728234
2940406387592 844235534223
-1800670602176 -247432554411
2092391052332 -4647097251
1304632998249 6397160609745
51550350734 -1973650888863
1605403357409 -303348057804
3308465841617 547361171469
1967057262049 123228410994
25412777012 -3577833057933
-2310672950351 -850388511360
-2470973722059 -1129947597298
1754789950451 -292890797280
1157261786645 -2435984725500
9975962711989 2743366098305
-901825506692 2259063732837
5456230686607 7696752621229
-482825895709 -2569753883466
2054649408819 3109186
-2230976376378 -932119406699
1651764166673 8671631168523
-3640412569854 81374245651
86230515229 1945626412878
6052777170999 401617969961
1678821930713 188263445994
-3086306897851 89444890470
1265654175410 2544691028463
2046660897582 759453257
-3319043856325 283415339394
-1286758244685 12454890650
-131617338808 -3106723307625
1704793691912 -152301759345
2844754058061 -757794533612
-2645777599366 -599740661457
-1430272396129 -94152928716
616652920881 -2537259822536
-2109383487408 1593259955
4383596112039 5321987840621
8891778085377 3651926978807
5192475450805 2763544097933
-2114090150884 4003349445
865438848994 -2353445387649
-3245090913508 251727813
3282276846221 -250790432766
2681861190890 -1130923690389
2430322813084 -563178833757
1471902161433 -11608270048
1155191786377 4150674348395
4404163982029 965169364945
2118659180661 -846854539238
-867970929268 -2351299606521
-267280111754 1819599698019
-3708418682698 94267680345
5199463394881 1788235053031
1769493993564 285877860301
2831363927377 974364124482
3702082670292 -80195960305
269618197997 1569306458844
2846241684876 945349235947
-1564335911767 -293277572640
3052829136395 -3606358626
783042140945 1129513993065
1848762125844 -10632697201
-3671506938699 -130949955556
-2677200639667 561399313176
280701141969 1555119600506
745780923769 -2854700755614
-119959356754 3671540988747
3215640482588 31510002915
-3210424098129 -27872029706
2495559152731 -658614824928
9784877063617 9524070273969
3219654843839 -385826328
2346035798074 -877507407585
2032626104004 -1563441859
4088221771049 222079495268
-1441574350694 -104776252815
-2231241848390 -929828298159
-3610965123725 -10074702960
1028682004136 2512050433245
1180171104311 -2541846525786
-3667532814206 51152908425
1757709339437 295128862272
1680992981873 2525599299337
148747648163 -1694835323010
-1683092744932 342136755657
-1432849645548 89479781807
2983901487297 -10373912846
8364859119505 9288280184673
9028917190697 4357961856185
4539314813333 4011946064457
6178492945249 7170147591121
9566089162853 8217011389563
-561086585660 2679017465043
2191187440780 847416161601
39926455476 248042798649
9880670849537 5767493855832
836402903225 -2382749263416
6823627272081 906773922859
509493555729 2540832807656
3293045087517 261631645196
1535785540794 10589468987
-1039113907553 2500930168236
-3547618499404 -14035002465
238901102589 3633768017039
3031064628898 -425336229
1489519745234 -43037733
1319298842416 -24823076697
-2357279015642 -869357265501
3062482938238 94532371029
-2217293392654 755462448471
1240488150023 2541995028270
47497597385 2156001972653
-2396871461406 -850770083071
2665097973185 -1140436897470
3012264879885 37187584058
9945663687083 9509098790417
1299102036993 2754169580133
4384778786353 9417413546849
982211080504 -2827388330289
4288143432547 3249393224765
8189299900968 5494080453753
-490880295864 2545523363081
-2887093030520 -862139527065
-3181758432670 -57930231
2047822509275 -373106820
-1756437154460 296428817361
3584764583281 -32686904208
-3421139773671 181322650004
9755401469325 9732971884481
-3381856391674 157936811901
3234072746886 -10508169781
-3558776959673 -385760544
1608779536819 313826532678
-3264333345394 -289405959561
3953358661513 12291935294
-286466970610 -3442619876601
809520738997 -2730156614658
-2131122762252 -836828273261
1705613930945 3386186936577
-1863158917665 3228482204
4861453097811 8005239666201
2828368565265 4201406557559
3004432433263 -30902684712
-889784362035 -2733595929464
2303164808676 -941546402545
396155178289 -3392239275870
1620586295182 -286074569667
-3719040360709 2106810
4472297631173 2531108078173
1601885646810 -258017242741
1075785635392 -2545337201193
-1889130296190 -31380885379
1735076643699 7831569376367
3074501093547 101116736414
-3185057604340 4780767
447962053160 -2541865881339
-3115418964570 -125533272937
712396122021 2821201533896
500875853096 -2528172657549
3440411803637 -286347348024
946502578613 -2803503805236
116651458449 5562719333669
8034591767117 2176951722476
-1291136264280 -10101704821
2675723352418 -1129718658657
239559954528 -3486367259423
2840196696334 -941603799681
-3477906716822 313680045315
5549105506269 585886712857
-3296968062655 -261596347416
1549997935385 3794796429857
1501787243205 -42181062656
258637713173 -3295005937638
8195723985593 2089502811275
-3295726519619 320908315788
2612805682806 -1129986164479
-2110723546041 519748328
-3588747903497 27890633934
-2251436705841 -722180437120
-3245565441869 -46470810
677136002392 -2541865124199
-261315021582 1605083007193
1003981888154 -2533715238231
4213364903709 1207995084049
3617018343510 258988915
2714788000883 -878612273424
483071528359 -2573356955298
-2327183181133 836957396808
3305691053830 255681403089
808214085434 -2918567684079
2937436746100 -847454947479
1707273199999 -220069184064
1529352198124 387654363
5306960190929 4486977106205
-140300909821 3671712935808
3631171967641 97588469328
-347130344740 -3378626729343
2060505215301 690605938725
1908686098280 -55869093
1391280219196 98277254235
3523338714944 282472582473
-351819410871 3388102768738
1460097004633 6026621301773
-697419224080 -2543546835261
-2112781199944 4636271601
62698978888 1991857867551
1189154584641 5635065905665
1411580111284 54625659069
-891492422326 2918684067291
8244306923393 6472737157441
3541827839521 7075297671385
2608643714879 1141292877444
337168452340 -1695012641589
7072960640041 4087343191377
1782284056705 7791157799589
1788760719176 236182850973
-2055747909210 -31380993917
-3461187416544 -286169287523
3722059831909 43027038
-111307989812 -3670464700701
2371855125721 4653022213589
2776867169693 -847290212532
-1001043785838 2551292529515
117233078553 3107112380104
3123202205602 94145540073
3764663197060 24799931109
-603694689625 2634846568296
2016990785900 94129459047
251134080229 -1587241200210
202918233945 3420548268524
-1842364338338 -3873653739
4012875751657 2666429246803
7713077872055 3946305202504
-1590152143882 -248351414229
9936242174901 8739166353857
1386483728732 -93756296175
3506516175079 282166481910
-1135272222878 2604575455911
1851270640188 -5797529963
2724656991710 -878663292489
-2568562453214 1234063404111
1819058483133 268050356950
2956752140974 -848689999839
558968649479 2056898646659
-484897389845 -2572085825226
-613030180047 2541899859508
8865145898897 5684030567475
-91035785638 1369315827381
-3518595826085 273023562186
6849908232284 2697603017302
2889404830037 857232638100
2342042781707 -812826175914
-3149465017460 -90597220767
3496344924656 313783499403
2152802572477 9008165877325
3178410571093 3654742572
5345032378438 5176763835257
990195813905 -2540187695142
6657525985451 5113801988186
-2245529209469 -785187020376
-2859769129876 -930986501283
1547173002095 -3491337738
-2261680348991 982900135980
1559842515361 1957760448552
-687364892094 2532583620557
-451879053382 2541823488741
6171528949133 3005234189843
3014466126887 -20789265060
-3356592386446 202708603281
2412392137204 -1118095536357
-1165583850622 -2457795129507
2058362144384 -30893188023
6255282483921 7293034877953
2335253234502 -847331892107
-3687588962858 -94100149143
-1569860094996 -275326826243
827172616527 2357190594124
-1798622648638 -311475975777
8133903839509 5496707924145
-2549511576606 -1255247167051
243638209745 -3293704977702
-143387243119 -1693562696526
750401128244 2866265711235
-3410108709447 -191129746616
-2656296498207 -561410549396
1723197799793 1520267632749
2547375431999 -690391335582
-2252991957884 -908850905385
-2150524266053 -878526173322
1811309257314 -285959181845
1111220102369 9342041349019
2492422591208 -1129675632831
1395894820916 93585113253
-2943016658534 -848858131863
-1776171884874 313810596089
6716243423177 8309789307983
-1207245674344 2541744659781
-721721304923 2829827362374
3612936573399 -10416793292
1595889636853 9545365161371
1088150758363 -2633636070930
5615544748793 7814341583913
5642928371650 3886233166617
2380412855609 6863888666041
-3262789384174 -296376503469
-1457114752804 95176306449
9071145050615 4621376323173
-1327256794012 27363374397
2565282721769 4429687157385
-2250435173682 -725263910225
456230685428 -2574452189541
-3045124648010 -13456093437
-1419187014620 -127073913141
6185788094457 7435981410977
2753640060152 -847250343747
-1015603938194 2545367219631
8910919268409 7209226195797
578526952486 -2603423171781
2514478887373 -461376290952
-500667916841 -2534935168740
-3344536881602 -188157215307
3374853133924 155873219937
2261498771861 4133064608377
879604264175 2158324325730
4241087835818 3802999596289
7906177965946 7539666401579
-1612395449834 -317413766079
3690955245988 90836022189
383286971008 1727153843673
5727477741841 5976496897185
-1909992958438 10544793183
3429808147417 373603181166
-2359712403363 -878669669368
2718841713041 8358374368105
1612152240175 247947164346
-2094180756603 19102904
1881385917185 2998632556807
1210224044277 2511646792060
980290521829 2260636836756
3254731038933 2228316170181
-1730278375333 198622473192
3591626231214 32586367685
1039166444097 9809611793491
4264572904799 6818078127057
-3755534638039 33747664572
2128909403919 857621469430
3558478438977 1099847465137
-3466471256299 282442840404
2059895794517 -34782852930
1673197151728 183633526089
4790209682711 9593757237277
-3225738824765 -1163914836
2567679176762 -658956084429
-3695407546626 -94141577947
-1420274661818 63320208327
-2849770422378 -753532843001
-479758315351 -2514028771278
1571159240611 -271984128534
1400022562278 -66202681643
6867343754433 44565826305
1562393021941 283596388482
-2390792043644 -847590053835
-1565841824569 291771263244
9892385580033 9821831374584
2525783253796 659389673031
1925698139605 -3114224418
-1901185758023 -38795436
-3111153649975 -115076639586
3603909506542 10430566335
-3091336189039 62719072602
4918738431317 6136026884150
-3244398485241 -3445157314
-984266910786 -2828155040749
-556127925224 2412854805177
-3062531233924 -93631407615
2134485380720 -832182403419
-1050189423138 -2510484845267
-960488660760 2824300857095
3966722292473 1673373960901
-848778631963 -2900880254880
-2390466670409 847274246766
-795457706028 2821956593813
-1663104872365 -196022039310
1804068915784 313769793231
-816952978910 -2723527598715
-980725974778 -2824295541945
-2410249563008 -1129717625421
1429469077582 -94956287907
-3436161758153 188260826280
-1260223923717 2531276275802
240721976848 -1596227506821
-2649389274003 -1099499431616
1993578193752 -94133969585
-1670041521012 -186712761167
-1429272410676 -92981447587
-2643847114900 -533463691419
-1514907106086 -31395270979
7555509414675 6584447853325
268679890968 3515841525997
8574881592849 9926649197985
6849361943834 150546122211
-772074909635 2824423796412
3700427109043 83664251352
3424345476402 388324283455
5020886662705 9726646072737
1177828667605 2541870099618
-2652781800814 -564821045397
-1374399685369 -94157534298
-2305834337309 941832875106
2661844629977 564816087480
2491368888497 9091155875841
729137859447 2822955597676
2139138332476 836828610777
-1412105640447 75307685068
-3162938131245 -1018960480
-2560559815466 -1224248620587
-1958320467418 -93742983603
-2572267327983 -1238195902612
2711890060583 847161057042
-3716333043260 95307035319
-1052828703515 2541091757418
8265303407633 1741827295085
6684492320969 3633729346441
-196765741093 1726106567922
8501312511009 4666967178719
-652034697978 2571883702597
1973037065155 113899530834
-1108020477574 2444073027639
898062812911 2256078174222
1699446925898 230140544739
1036230219199 2566228973118
-938628916649 2217579622206
7608726364293 6315330221037
-1807538963375 282443865570
-3646311598358 94128851703
1849409516507 10517806098
911466207706 2266379569269
-70945076174 -1976477359275
1610013337054 247561517727
1413963025100 73265711277
9480201071873 6674532099039
596269941123 2439323932274
-358258681492 1694578461075
2458476900669 8293729677445
2013510850004 -104592181293
592824408734 2458954595961
1823491760231 293664711708
-1534820388385 -10503484974
3758945711646 -32930748127
478874450856 -2572988629483
2409071544683 -563710295076
-3371321163943 -377821089978
5192335026812 2510129129073
7849652357583 8001882794366
-2302626971874 -937551003535
-1868791034397 32873463388
203710592743 2305465603713
1091247108309 -2637521192990
7013145824789 7008167457377
2832759296373 721898353106
7389813305071 5159464100017
6174674097041 7265022382505
-1284696342967 -10289754810
-2839837574550 -784416475457
8507347762193 5423858327285
1971078448716 125864006609
3621242760180 -127705609
-2345739101060 815922143685
7387938077369 2699131200167
2617647933455 1129716551766
1773932561231 1219140955819
96235322587 3085804188234
909227094704 9464788724343
3568645818858 27846392291
-2262628568911 -984421113426
-1564986366311 270807039666
5905954484740 1753182824435
3667220725892 115068682773
-2803708324234 755340627489
-3687684172677 94551384568
1930174778815 -94028439294
-3119939749973 62622002466
-675362193930 2541497382259
2120053468947 -848823887582
2060318878225 3336166245201
8493521615020 8111510987133
3043203857257 9683933578704
-1514133784194 -31381237565
-555929123464 -2482764806913
4984066608671 9538911334897
6307240503719 2111671889389
699627393159 2537862946190
3424892790501 387031080524
-3646952395376 92979237591
-266901426619 1819972516158
282501687670 6074475949633
2953103429971 -835661057262
1664376923593 -383074373496
256262363873 -3472849846572
3680442597822 66121537301
4596288981593 8272037796481
-3092421226432 -63790308837
-3461763645109 285916210104
9658240933261 7695920087041
8576349527013 5628497591725
1519142572963 30994682322
-486741733610 -2541913629129
1307899457229 -35900452898
7108194958145 9061275171681
-577682032958 -2479633627983
2169210226113 890442672914
-3301818141483 -315373072756
-2270977378047 -975924428686
2294653652356 929667239487
-2035613929901 10459828314
-2947213193712 836826663293
1702653127971 -408212057440
689410132393 2528306093646
-1171020004416 2633684484305
5985408274363 5409962151923
-1737621173378 -192017054763
17780694974 3576135037845
5299383247642 7273938845181
1966834749071 5379156855487
1201559083123 2545339858470
-503934752741 2531400521652
1163533215047 -2457840321594
-3297755768514 303221161855
7539157962977 7563350003585
2032816795601 4144427411237
475894398785 8974051831169
-2810323507786 972167141295
-468915977504 -2520988876539
-3455644437300 -270850053833
3053818348321 5636812215233
-847832040233 2957959671648
-733075205850 2827782103291
-680710980804 -2538288165329
-1341511415073 29229230
2682562842408 564342505829
-348459382889 -1703889659886
-3776864258467 27899078592
-2731273534225 829615440576
-1447478620573 103441272750
-2109068961155 -1045948290
-216628957475 -3398323389348
-2040021323393 15080583204
-2702302955272 837483523017
8640468124385 3189739775665
3270862998114 -281329473239
2002859252337 2633706964825
1224096310061 2497701309756
2140754078561 -845767631286
1787526763884 243816869795
-2892298933695 -847286955316
-3644375768860 -104588938431
2196557118354 -862747156421
-518147393923 2447736991926
1671506785135 -376945964040
7909977438897 6588837459142
808231148186 -2730148465905
2701628783038 857787230391
-2281904438892 -944736792877
-3145686754081 94126704156
3129669375038 94154157843
2257916269746 728862289615
-3496058174270 314325582147
8710159420743 7065806286977
-1558879863015 -287081232992
694350281568 2532553412075
-3112166026297 125438165322
1359933624127 1918275294
628730306991 2528175507944
-3280164750959 313865787204
2963334495625 848330801370
-3179286444329 -3438996330
-3710041906474 -92593440003
109602283738 2008532772999
-1085402503987 2447291703420
2906241474647 -819391320558
4926016870873 6435755079387
-790024644552 -2824295364809
1831944239431 -278959170456
-2493089490813 564197368402
-1608718184932 -313468518591
-3487192841234 302360142123
8593570214977 1435845528121
1871793662214 6422862945284
8834724496673 2267049073249
-2258083664587 -987147386268
-3380177723707 -411440562150
899703358081 8809776651279
-307400426779 3484474046910
-2144917096409 849616138278
1545597912952 -16114305
2830913846836 -783235265733
6008874858517 5110940819713
4275149769895 5265613190017
1885837841133 22110069536
115927895835 -3110197850728
-66149714183 3097034549856
-3449409443160 -272356603685
5617655266545 4192529363981
5404139418743 1556673046859
8467922693585 5995923303606
6728299822557 8102035140725
3113219143875 61585334218
2082316529468 -34868198655
-2487007041721 564859078794
-3561291976694 359426241
679843888295 2544592100976
7064084239009 5359717528529
-2202580577328 -847674257489
755086391142 -2803188119057
2267774104387 972808242786
514436177889 76210927353
9997005122189 7378275416228
108752778770 3075386907357
8579927573089 1775340815007
-3522662131918 282040581447
-2662866150611 -1140624929160
-908321998149 2266424032450
-2575154606501 -648677363814
3055813043642 -3482063157
305502118362 3483705586169
915874304023 -2259904843500
2379884790963 8861171310969
-3014592598449 41846189218
2411455089771 -575361947804
7789302394881 5107266416677
6428825880289 2326696648737
242728898485 9701213714105
-2237219243302 937616106249
-2976946770555 10632021008
-1988794570754 121635514017
2761830356569 8941405676709
-1433205199209 91388166814
-2012728130356 -104603348241
413470781627 3389140077912
-2188173713220 -847417952759
136004702716 -1971798279243
1131388748102 2486034760365
1102156748570 -2647502531991
-822495727364 -2166292746225
1525533511592 3464489871
-2242267099753 754364730258
-1904176414528 4722028965
-1569998781149 268491908736
1564786024292 -271781289333
6338979293106 8860094565571
407309989037 3736060193026
820903032261 2175614602580
461255581280 2506612155993
152803456854 -1705042308311
1015757348048 -2538125095971
-2951546080374 840330418811
9715017405833 2889440175285
1190812958888 2555855940483
3075562162159 99939605814
-467787313598 -2561614114653
775128913407 -2256332146880
-2103473795678 -13930955835
1896158154383 -31409599890
-396450187970 3392208925281
-3176064260861 1332833616
-713341111842 2824301926487
-1767600756209 -287083321470
3623941053643 957355787041
-3172064436451 10490824806
2615894476635 -561501551206
3345593940606 8756051558209
-3373248305691 376701854720
3706604456901 82134711514
3490994073770 251176022709
2375198527948 850774159575
-1059680640679 -2543016759678
551129721238 -2477927095581
930735155225 2253002068937
-1694926834544 -144262136583
-924302938984 -2823147218457
3020326041930 31224756671
-1393617176392 -93755757609
-1719773896392 -188202829495
-3673429992534 -115076109403
9242593042575 4830700135051
512924477570 2537130885861
-2195367341805 -854601643868
2982516271737 5751600281029
-1714352002589 -185105677464
-1654310123654 191903815305
3458003872577 282386963862
-1133935293097 2468782652412
4943056951306 163385228961
2446420801271 -1154556064422
-3644338441153 83654659494
-2446632488173 -1168456920858
-1439030857371 104990971492
-3280952928506 -250316702559
9719439641754 2469481752065
1082641019457 9593179694921
-478417619878 -2573361855585
-2375864589122 -843797103333
-148451126418 -1694577081101
1670580721592 189317941287
2053457985849 1139403662
-1178129981354 2540794983471
-1299580132733 404889432
9133202190361 9092688318577
69155893502 3107887377069
3280174623791 6929449807026
-3687473507528 -94327877295
2330356778041 5237898215165
2238701928197 -757401151068
3784081543829 38497044
-1248968117138 2541865651155
-2540083686408 -617160839251
-425578914889 -2540315077668
2011850350610 -106025604561
2399931275503 846946167570
4266236353 3744995029740
-2972531083853 -43007274
9627601789949 7550262001790
391126099859 1725972647082
3498417398737 -314284090602
3275398675683 -286351570328
-1030207677343 -2573371244484
-1988315201478 122031962479
-2347580692812 -878287031497
2253387717165 972769780828
2774432552364 846941004695
-2724712133868 878847172529
3540884327527 10419442452
6190669975833 3871399094321
2073504189779 21183887796
-1794933182814 -313727671441
2192488556362 -836829733653
2162266930304 -869376955881
2167592814965 805963807386
2024139624168 -56863889
449579927307 6649818152498
828872985043 2918051124600
-833832485972 -2197836087117
5886874222287 8695429013389
-2914560325751 -825046234812
119559667821 8548124913477
-737662014851 -2228222646342
472251398919 -2587019102722
-1707245938400 157254968493
3114155391596 -126681728595
-3533898395384 -3487382175
-1290422958913 11622105048
-1030898957703 2500277388434
-3029856941480 -1544831163
2014833365129 -95262420546
6479459201109 5369152897233
-1115008761861 2478935839342
-630293519449 2552183201784
491776180223 2539971711468
-818090997283 2364470273580
4367797758601 6353566446033
-115268061212 -3104400909039
-3746234217101 -3529831122
435773614382 2532954980013
2230807977321 -952002175922
3370408628831 187855338576
-1397926131187 -61647099948
1492972026667 -31424643594
1097136246893 -2622307391046
2562713998102 472659373833
-1094645846156 -2438424498015
1077643282385 1995354923259
2534118591582 1066850781493
3229943342822 11018348679
-2880153450270 846518728811
1789290274055 266159389428
-339618270918 1694620204291
3289465813517 -313853642970
9011891339131 8127806727047
8867944027715 3266578320439
2571260021057 2010819928737
-2423831521199 1130848999884
-1471210113457 -11632241604
1727491827058 -181394687151
4045275442381 7131645372683
-3668665193998 116226146673
5205666820831 8461409088385
7479373247945 5173419977635
-694434035395 -2530227453330
7055578860865 1131898566209
1225614064056 -2520950084281
3314142188990 -282472596321
-3361423258226 -388581360273
3357866668293 196034749808
8318309958289 3044887953091
497302583928 2530980301591
3726661040966 -129127527
-2529942503511 1007672894488
-3385038173786 -167403907605
853049287768 2950336164789
-3647751137209 -95302191894
2957957212001 847054856394
3530132640188 282548104689
1400489860443 -122295200624
2434686329434 8609296335465
2017860000442 91034256357
-1495716075537 -34132783348
-2489478019973 -1134765398778
3194893078338 30993402223
3504760637281 5010345340213
-2317454837411 858136186296
-2333937437023 -850436214210
-2183470061464 -847418459709
-976828706020 -2268687105015
-3764054575775 -17377057818
2552997097226 1007680667913
3419311525321 -363140348256
-3146454787576 94152727755
1263033023365 6050827316941
2219170947928 749783043027
9061986575737 7507090277353
3462808095323 -277920751674
-1917061459734 -10458837611
-172337874035 -3389283374544
94250859968 3152871044523
-1766773765467 -286260675590
-3156178361856 43040161
-502260015309 -2556589399048
254130187665 -1588983107804
5630584515445 6372600862673
3087822539151 -94126861616
917404691623 2146917221763
-3251127694479 -282431710358
3342291232998 -376483374163
2038991944825 1183896645509
1030132369593 2510572436804
3488869783008 -313851731267
1341549931180 18977337
1421426234370 129569016203
-640428414054 2541350033137
3501051692071 281268869688
-528771821486 2626059371643
2621614750374 -534515988311
4387840184027 3597737604119
3395474917394 345148410213
586009832525 2633677916658
-676880558275 2540829511602
1547883335402 4603873299
-1671114195369 376587070756
2246230189877 -784398944358
4087222139553 3042164334523
3322164838068 293020623815
5892291881201 2394164058881
1746106396154 -285763246179
2391841209614 -846528097689
1577937075566 279066972231
1481270935 -2974227627762
-2288101132237 763503511752
-843503843203 2689487969634
-3074731560620 108092644773
-2601066611345 -1118483008362
3437569962244 283500842811
2839515569117 909707949246
371275223596 -3357830595915
-578570467375 2477940921546
1284483642052 10078247133
9367591127041 7754194402561
8885493173449 4584197741955
823219726417 5773824420569
1433373006077 89509006806
-2183250485270 -846069192927
1956628843425 5889189950247
2667912799123 1142531130246
2472333047062 7128909937753
1431492328030 4194464114625
8184230978923 4627360110981
2734105110355 867046855368
-2333276600156 -843806591247
2694800953005 835664398604
-2777279850905 -753102284670
3111405161681 2344052466417
1499620567618 4264674095331
-3653975323587 92607832700
21182981652 3575172078373
3320559652267 -282903056814
1402848606721 -66818259180
3171291159698 -10431654735
1738477592248 188243365815
2447875986008 609414021081
1846676603310 -10077713225
4704996410561 392903779921
4177426918318 1680612885319
-3091068362816 -62766921381
3257223243072 281252933315
2047955447347 516564378
-2183404823866 -847289199201
2231132996061 952925321830
3390863526894 1464185100313
-863759682369 2918442775576
3730010573141 -10464899982
-1546001999195 531522
1854367751942 10441404393
1192654497217 -2549595289212
-720645120761 2810883034080
2735279651441 6893222268271
349651496110 -3399227136747
7160640286505 2663181225187
1293872908120 -1204606161
5081616014217 8074555442961
-951422441350 2232689928453
7800218645140 3930030559897
3178884107374 -3095112357
-1656971593431 376701912604
-1165025986753 -2624254943094
4541962446031 5662247719890
-3613812183016 10346086989
1212322119072 9968616991041
3560116381329 -1504863766
-1070454913798 -2529678837195
-2749680179730 -850770676489
-1423573737177 -129012794308
2476310925527 -1140191049354
40714622006 3769472225097
-2492853549908 563696809245
1663220181353 -180407744370
3421254750918 174205835011
-639509807714 2538336528639
3076811616593 -87185713014
917620074868 2259450815391
1495260683880 26733594977
1625589103177 5649000596097
3248848086569 282558506046
7332990996403 1709205754929
581505237726 2635918603883
4761789055905 3733204856233
2725944794349 -826497454436
-3753620262634 34867844019
2173742344489 7993242906929
1553305778792 43755267
-134041474132 1977107276169
-3662144344234 -66588566181
-1728335454784 -366371521605
5680597657280 6991421940409
-2635192476511 1147271082282
3390857383659 -170853496354
-3657322739178 126681421693
2978558812391 -10465516710
-1491976353176 32371136391
1108387323679 2640528976284
-3513948178934 -275575555485
-1004605608249 2556844433138
2972303994545 3406989516
2609673872829 1140007375828
1167203592742 2636009003691
569903664738 -2489478559201
-3628521335103 -91177324694
1078895227879 -2545347770382
-2991094189827 -4649045878
3669484069657 -73223614788
-1767094452301 278947777482
-1276986490567 -3631800006
-3236941680207 10184358178
-2855716128980 -928920013761
3059688502151 4798540899774
-1158678406613 -2625162652098
-1213789544740 -2512713631521
7378639558317 1552153776439
9898365683349 9586719674167
958008767764 2824311308283
-407292579888 1680591640141
-2547693921568 501881719887
6714325580437 9942728305978
-2328178875574 846887424327
1554467547868 -282386666691
3633366464870 95735275299
-2388102623732 -835519323105
-3507831284754 -281626529165
6645966708033 424518015737
-860728556749 -2195552884680
-2638790297296 1171559558727
-1801874927911 -251134061076
3713676289914 -91775805695
-3241853249063 3499009758
741144422214 -2789343120013
-1050349684014 -2510356708937
4171324783385 5395351928419
2826087172412 899543077047
1359213660848 154221656475
-2676135408662 561358136511
8972026908689 345309680147
-134650438791 -1415235897800
3290649598169 1601463113721
7702210650737 4888818076135
1356734584338 1071376307
2103790087921 4711518952611
-1334945793911 1161318870
-3071396137228 103446519327
2107236648336 10970546039
3535528684575 4256724322
1132011904487 2594688750594
5731166495745 4949599089329
7481162034 -2040886691705
763813197669 2788264671112
-2582485663027 467492231826
619462676372 2541349207989
937686679581 -2281580553392
3970028905201 2252564524271
-802975451562 2730582769835
2513474488766 -1233114716187
2501845895081 470677650102
8164682910823 408075991073
-897435308959 2259034697412
-2192294232883 836785142454
2214253484269 -751547919942
1665343876505 178196894136
789055027457 6857891211247
3786804489881 1932320934
4520478305577 6440029851271
1415555336168 -71687336205
9778026362823 6868587634115
1993248824488 -94406320827
-988504777685 2541865648752
2728774049583 8906579729553
3555773390915 5587764179441
761278251100 -2793488707737
3203947128136 -40506938217
-1542536544171 -10481020460
184882955065 5680811513463
5092514964894 5908380691553
479671580193 -2569650157862
9580713066428 2305542937541
3500374535179 281392146810
8653372501069 9377175852797
