1400
940245614252 -2849218577421
-649630651616 -2507380053303
458394929195 2510487065070
3647206526039 92727948444
-3139610933932 -87288495813
-3245113492066 -373622955
3076669433335 -101502608994
-2394733857901 -843821468928
-3014001408733 -38292449778
1147633262228 -2637171248949
7820314837597 1014807184000
3271727265937 282700394244
-3358237910642 194099418987
655650347907 -2499278270086
-2395063568292 851803121917
-2309566542964 847675141983
-881585122752 2174591381827
-3388675453036 -330066363699
3773094308193 30290010994
2539370637177 -492013753100
-3266452040479 -292847927832
246417582084 1778819829031
3752428220831 -31323604932
161572192241 7134122245831
-855810026220 2322103302809
-1638201196042 282424735971
335010645983 6348789327913
1766583057200 -278426781891
-3204142224043 -19744253712
-1905093458979 -3055770224
-3350293509926 -189407106207
-2912328041331 -878679133604
3494705255188 310303610361
1494532497109 34509673188
-3503572422787 278917839960
430360970098 -2545223650443
1176382417278 2635631860949
442268903879 8188380271093
-352257435392 -1693013719491
-661802223191 2583688170582
-428735183992 -2543847419079
2538947158541 -639243668328
3057349783727 9615272929479
1592285027377 250493652198
6977883559209 177588186409
262491657143 3486397040208
-2914837099920 867395146351
1975395472141 48684068280
-383923690608 3421527342625
-1404705097330 -124374731481
3172325233496 9815387415445
1175590421447 -2637166513842
-1965169640057 129028620204
3152798480714 94278679515
-2130984006465 -837971326864
-2948424884415 861235740466
1105709868265 3026630531665
1870983207271 34842076530
-2044780859726 -10591265811
3800729480287 -9715685526
-384119224026 -1664363378683
-3571249499655 31552990856
2235091958878 -754565795271
514448299532 2541722849073
3726005265132 1603063
7598260662028 7120014223715
-1257708988734 2530979180497
7209127730788 2340123657697
-2309792929816 847375037739
-148877038038 -3388767010613
1985142125518 62994710799
4386497525984 3688564102293
1126281857789 5903450027169
-330431445318 3389298810389
-787398907469 2269896769782
199655401415 1659764467314
1005969027630 2531407070503
3143524538426 94041004077
-1645991689660 -283588077861
-1461163253627 1155873942
9384370823113 6210104165068
2029584257473 -2367221922
-804528695420 -2921962609797
-1056142409034 -2539672042067
-3628218852547 90785376504
2109821915544 -1157832791
-1363088109772 -1122403389
914499819028 2813830227831
-1502899063487 41068166160
1616807857649 7797449304129
914378219344 2834755538649
1863952986529 9480481062305
5935677649521 4990582915809
3185135094193 7944264927969
1254127169083 2534649922404
-738910523077 -2791755233352
935335257060 -2855671163227
-2291522392052 948400534281
1393121645981 94280112732
611683382468 -2635879869153
2929711413055 -812279074734
278081177226 1621337227867
3735093115477 7098007668
2047125928531 1061825598
3316607759658 -278948118977
8682707541601 9869964660633
-2315911559351 -847298181942
1376112507489 2542857344453
584913524045 340398510275
305398815549 3483254038436
960065143202 2259192242223
-2890853000743 -858911401710
-1631124315337 296367108480
379685028624 1735338160385
-1749503837208 -282420130159
-2104363099201 10462498920
940094543322 -2862276915107
2002356369607 -94127747274
-691496659992 -2534361582023
3735886339586 -6885349569
326316214769 2392306478001
1211887495398 2506854297851
1693374853223 142714760382
-2214401892597 -751983168832
2443215676661 543588724326
3048882318381 158898140523
-967690758292 -2248968157731
7590567274561 866232480909
935998047892 -2855588719155
514585101378 -2541853642013
-804067405528 2726674929585
-2022946567955 -94141759440
3701955742473 107702007292
2999787417767 31077611208
3016522113975 40680762836
295359675816 2489637592445
1510555842312 -20993041673
-2508913835535 456596469800
2755161603001 7695702898161
-887917413579 2733380684146
-1105693698270 -2448983739311
9093589700411 3446445959848
2772780537393 2537267913446
-2282794182240 -941857373123
-696109536113 2542234311576
1146417569865 8567767237035
-1264312480784 -2545347079647
447357292758 2541439539749
-546582114790 -2636009087373
2618875349410 -1130899641111
1648431993737 9435661606801
1196261378523 -2553502791152
1157921778745 -2645306417766
2415025560271 -550522959192
-77354656738 -3106759998267
2976558107675 -9971979318
-2978978168525 10852280856
-2609403102051 -1118898470078
1302315150968 31380998457
8610856474997 5431404847337
-1931408035058 93028855923
696180608370 2542428683399
3555620341757 -3428024844
-890299483979 -2350566219672
-3531862950903 -1119214750
-1372847403170 94162850649
-1726136860574 -385080961041
-1426291262394 124360321321
1163064032554 2437137939987
-2052462803592 400883959
-2118580743303 -847302977956
3539537732073 8709709341541
7540084247141 7419225757473
255247838664 1610764365905
2273594202194 -973959163695
9540029655937 6834881676659
3203866372207 42997288230
1813189141553 -283850073990
-2947642353110 858179232225
1634633911393 595467144991
1544114897072 1202113713
1906949374307 -1162180830
1022723143041 5806966841905
-1060452661777 2540717403984
3573331150814 -20920942605
7809602171159 8650000505148
2592891814543 -561032698950
-3331533730837 -292888295370
3332408161849 282429339660
2012840359035 104601936250
-1577163833772 -282687963587
-1884699649048 20923731351
9772926357953 3541927020527
-3124024558982 -92649237375
9923234914781 676862105935
1395778101523 -93755751750
828476856134 -2730144161919
-1636260181050 -271968632263
-1349167481469 8150236310
3552682692153 1277588744
4268525724779 5774227904449
1451797026429 -93727609210
-3577461375254 -16831800045
-3129495812891 -94162304064
3085788414143 -88939781154
1491571336425 31538840158
-2699989814671 840568537512
5435305928605 5357902314587
-331891545965 1694601133812
5818474173321 4620719498579
-2886315480325 840442603974
-345779235937 -3396131136138
1007227063393 2658445132134
549201941736 -2604628027745
671548884903 2573289997646
-2308695868083 845991361720
3463870271290 -278818158609
-2099801060980 -10632367305
5894098566845 1657902391425
299541798263 -1599271787124
-214596136394 -1684245473679
5667474803713 4260745135157
-618661542474 -2545467578939
1291365029836 -10833070845
-1408330357227 -134696495956
7358955048633 5649514432557
4739471191946 660282612957
1997634901778 -89494133205
8198339045941 608673652193
3024081591673 28224942048
-1675082903338 -380087935077
1243681964158 2545609948245
2317567167323 858308039544
-552147594300 -2666998193533
-1601255196366 -264880108153
2136036984984 857753724013
-3477901906467 -313687597018
6495665112846 5375359319101
2623290935726 -1098725515011
-1492603664940 32510177053
1680326431028 -409135223181
442081132233 8330372543051
-974474661264 2817364593421
-1924104197962 -3467650593
-289049354812 -1821395045955
1437728584084 -94358826225
2358820892882 -815905870245
391094839955 1727115936570
1283628330533 4293587324877
-3080992422631 -93753630306
-941533905729 2275316450234
1959021131262 92980585297
1955215614908 -90657302193
-1425986107001 -63580026576
-3015601529713 -19772315640
-897290454934 -2258918084145
1908318497651 426915510
-2716757799783 -879846479090
62333357301 3658689638744
3139317817084 -80440585491
-528219561199 2447708364018
763088704500 -2788316516791
-3674738246050 137275914561
2986803033846 -14001139
442681116083 -2550819071616
217147431017 4323884177957
1682733195447 223169022962
-2290461348241 759086042136
5193119214850 8498667422410
732210214348 2826407370423
-1547439464847 -3502784474
5494835971761 5634852231689
3121554063167 62762198190
2679375883977 561244762390
-190326055184 3347308003269
-1874900002663 30973621452
560523223693 2677850454786
1656522756750 -375420011111
1627691265351 -272012289050
8756907023105 5426367367087
6387948075217 2712562984673
-1484561346419 3355872804
-1312862866463 -20919839382
-3027767472604 30994732455
1183908953151 656209944577
8743553548120 290681979433
3808020895879 -2324700324
6062651368305 3665177711105
2695279223532 -838189753399
3023082074963 34235960580
630211629365 5592983541377
1991774699093 -62905608180
-2427599295638 -568474527561
3022489246816 -33691231527
1051520294867 2428959282052
-2765742146052 857880206999
6014963513575 8779009194893
2725920604329 -826244075096
925791951777 1969832064657
-3479689624021 -304082742006
31329213270 2086777475117
216659636830 1703891181441
-851146217435 2206149253290
-2951639703814 836866699317
-3192474014610 31406216435
-3624345356233 124336890
1834292370849 -283542958522
1330636650378 -30995175133
3241917538229 3572877762
867817363249 8788694528861
-894097549628 2918438484591
-232923572041 -3389144892246
1771665633457 9516593199297
5625642150991 3236068747493
-2142865089785 -850883864508
1622072719261 4086853728353
2837730170351 720542889954
970759052049 2545537593809
-1637588979308 282156887313
2601433150003 1118096594016
-1875608457677 -30217184610
1062664311084 2552449948399
-2560396995266 -1223473982751
-1648725991718 377791842393
-541345675783 2636053646526
1055982071847 -2539513122578
171617491206 1694403975427
3341596661173 282815325228
-1811702407326 -282457234837
211650219841 2752628233129
1278321240429 372892264
-3556292149231 -4653475272
-2939168054202 -849227817889
8348915592681 9042961276561
-2380028035802 857748902139
-3409937885359 -193279245936
656062708697 -2498866937340
1670734085463 -187107447254
1956059797095 2318519122697
-3232539376050 12785230513
-687027442650 -2553823861723
-1973712639789 -135210262658
289045357357 2006656642939
2618028113917 -563691508740
5510267735157 5157718081829
-1527991807060 -3416457039
3058985860792 375748461
967654258471 -2249033314524
9438847705375 350413973075
1827420401737 283711522344
-892641366686 -2164387556187
-3287371860555 251005624804
-2964280195288 848392766439
633494890571 2542383451098
-43254289107 2074679765806
7034021023343 2830013286921
-1847384849087 10460891910
2260104958315 -728737920528
9460416305973 7766477546625
1464940724225 8365189224369
439239976255 -2529468370740
9926625692897 2810300927497
-3285455351626 317233412925
132621644963 -1978583422716
9212280625665 4796655253265
7025331734465 4867332130625
2790310347103 4209751202881
-615795028049 2545352512200
8723926555153 9171395287765
-2870207545346 -941433206187
8907998889426 8278675388129
5932791742691 3334970430806
-3271044033640 281139217413
415385593168 -1695744263079
-2027811161753 -3617499216
-3196030645009 -42234154242
5135311481857 6028530325005
3087015621290 91158068253
549682733033 -2605016662728
7726981040537 3439848564275
1956758442748 -90661203423
3748012896610 -1162261461
9265981721128 298868585177
-3549960649907 -11498265978
488048985111 6117334686819
2999395606086 31549835749
8393667379925 2236477719663
-3440826949627 -278894686164
-3372637527942 -188334178559
-1526799984310 -4517779935
3774867568205 8830798795145
-209991340586 1698149036277
2938170587237 7556708310115
1547910321736 4634753031
-1131740658314 -2405892337899
-243146351324 3483299211651
-1594295829777 251176888736
405767495433 6596228292365
-3085912431879 89838045998
5593977827329 4463094123281
697396213617 172579263957
547579027170 2635234188061
674559058978 2573376183339
3303037836573 38601027329
-2178765115962 -817078729121
1389467005935 2860985217793
3188903742764 34724455539
-50204667997 3671588936508
6444043195929 6953860617969
-359233568376 1693027490687
-3272891207429 -279473672574
2666590858625 1122875480034
-2326747621367 -858142583172
4815527419905 2485028082605
-758919350538 -2855432453405
5824849038725 6163045782725
3572943649991 41453995206
-868353747889 2351680605738
2657338891841 3633288377329
-1900440104895 -736662760
3172297602732 8908463395169
196405527649 9002622841691
8814193010633 4979923557377
1498464627235 31381032636
4447654655105 9307150516969
-1172078393926 -2633660510823
4477543580259 5671068931529
-2621781484378 1159937484021
-2546409688443 428488292848
1609016465896 -250915006287
-3709564309197 95482357456
1290561347703 -9168598088
2439707031773 533823982170
359376962764 3390273475623
-2255776928842 -730686208401
2000482720110 140335977777
-2071427571739 37237538436
1246692707655 2541731905198
1859814889740 1594373
-388035403059 -3361652196166
3145865686395 94056487606
-1259019868338 2553488574451
3234708624482 10015301631
1448089252068 84084588539
-657678397044 2586806428717
-2591621233584 564872870825
2215208572255 -941175093516
-1572428713301 273561672354
-2516485376254 1223473903209
7333229337537 5866829408513
-1405590185010 61732893007
-2606631125907 -1140178464586
642819018629 7227894152449
-3094194923957 -62819042454
3138534283712 -88442111565
-142995617894 -3387748240197
9492178326786 7385519339157
3053649538331 -3592049082
-2419369790641 -553243032414
-3804240193301 -1553054076
7899739233025 7543407199950
4864962394833 1469984190989
7196197754369 5142920303505
6203424857795 1752757128989
8133993726096 7886042769113
-3282815478306 -247558497479
1370540679811 -98789921874
-2999035475357 -30041866116
7439716845881 4192981477821
-2891185109716 -857807250975
3474410924771 -247688512224
2624089359567 1925142485921
-2019296876166 98663163185
2063546817466 31343325831
9275151312902 8067684030697
1141367555330 -2419316598795
2658635816318 1133199586329
1600030510872 245145702475
2968492716689 4479543202650
2145764630721 3907814740185
846659164201 -2705696872074
-1739351171452 -375426219195
-541398308171 2636020149354
2849458608327 836122649602
9532289882243 7626663390625
-997261290619 2543305324122
3115714852112 66234554955
-1866117853748 7728615
9949923898865 9122021059081
2807502030415 -941462020932
656891094625 826163354351
6172778328169 3473004553141
-3520040689465 282560251284
-1216283897494 2573266019565
-931807964327 -2224437529644
1936280684916 -98132116165
5319580636033 4665983749825
-737644359702 2855832456689
-1852637747590 -13459255107
2530602036210 1063604235167
1862837373373 -3444977736
2613748422687 -561746967830
920646270172 -2826203828487
-72763191460 -1414466332665
-3705403964349 104944776308
2013829630857 94315358072
6061515371713 8809073625293
9842986772854 4363882763527
-927655098150 2792159125651
4216148430617 5468771542017
-1668453343966 -188270337063
-1698189217390 -208460861823
-1509507032448 -43051523651
-1496258736586 33844268709
-1951401571790 94401425619
8626692706820 7362676805777
4698122526401 2512278404697
1639189718849 -281184311088
4322044108357 859117855937
-1072804242484 -2541363098019
-2620516344052 596428262685
-1479826345996 -10501881747
416331742485 9290608851093
-743548116409 -2789408277630
-3652231184236 -97457835639
-1952413177344 -94915009133
2755332409118 847192707297
2226496442523 5734721739115
390799519487 3419330189196
2464447412688 1129718153753
507829331409 2541464063054
248467499398 3305534301771
987439344492 2824297460605
-1365035372023 1258254
-542839739244 -2444752961621
3368909996326 -184804356489
1381012023421 3415782408225
-1449010485866 94007837997
-1821127641134 -296821372851
2478958536815 -552413255856
557347937723 -2417460805362
3109439725543 -73064632260
3717671634519 4235281571097
1826819840914 283562568783
1281797164664 10859996805
4844020107297 4378221223294
3092183383698 62762097587
-1349077910279 -8120790288
918190071599 871454512391
1899532524599 -87709956
792003283273 2789692029679
3287654162237 5719194360363
7457760892961 7713091553281
-3793810860286 9685499337
-3589449645573 -35020880068
1034018377221 2580148920232
9050432268591 7943066895417
638626290887 -2537223402456
7935449905025 4699074344123
-439287644681 -2556471441090
2882442619785 857492237186
558346870567 2666232758856
803926524004 9750143937817
-1498205225362 31911942951
5397473687449 4475493480069
-3747512099756 185827203
-1433869696940 90522468153
1506107894030 37579848657
2661758782393 -564472177830
922975775282 2823950459601
7679351680511 4750563027495
-1643784526164 -285772825171
2222242434157 941751715500
1917263031857 11606730492
-1826301615194 -282525669603
-3466097023685 281267390250
1328743763727 35986533866
4190632788821 958335561215
-3319693206023 -283640139360
-563248736652 -2472258927149
-3336634056456 284739120011
-150227067435 1695753829016
3746697233617 142773690
713794923639 -2259063404674
465811234153 2660854905836
-2663615099795 -553241241018
2325885712608 837996956963
738625090198 2791745664237
1129608062244 2619394921469
4597353875813 9294262141185
3396409699919 158066142246
-1269782318111 2541864220848
5576978925152 6425632773105
-660841376290 2562786593055
-3312552356163 -283204410260
2351120812225 4118140707281
-867103853896 2727188538465
-429145484454 -2539502330881
-1267420087480 -2538394455717
8802819577438 4094536874197
1115940184419 -2665855190960
2036702552905 4685668444241
1519336098161 9224759298497
8977822474689 1118147119117
-2642559265476 -1162146675749
405349392212 1705037574975
1383120862657 7839779172647
1078996529290 4250080557531
2955275567275 847418337828
418149616679 -3393775318008
2629090005303 532832393440
6773414424088 1389399119403
1858906472409 4029116573133
-725995195700 2834879832441
1673938296725 183635744490
-2901319188135 -846121740184
-3147565431960 -97242509945
1442343230854 80714195469
1275999157417 2711941884
-1316601565821 -45285487294
2716821208936 -815912332887
2528705132370 1004021722519
2089266257434 -13640319
3231953388782 -15122156169
129484674880 3118326253191
2368575643280 3691346294459
-3118102757040 -66296717731
-730861056864 -2820805510111
8990867426049 1943771595905
1661771855892 174310691851
672930211569 2574622437634
2810453898681 3965429994956
-2453232424882 -596257079877
8345615467523 7282274812722
-2463241243888 1161228463809
2824988041227 979772067784
722375435046 2252462723047
149645095303 -1695736232406
-1576373218004 283472145261
612571169365 2541344486652
253103142645 1805900649475
200649806563 3357645967926
-207796721589 1698108644084
-3123089930982 94530538081
5810162301897 5360983284265
1367695677413 7048465932145
-2605488784223 -571815631512
7922973231841 6672224338585
-2801407910257 -753021099654
-3274644744289 -287091330618
2684941499410 848106293661
-847038505461 -2878878134402
8293074686169 7047960615297
1913655675603 -13953532690
3706826300945 5010103660953
849289126649 -2876468069322
7580246410425 1428401769547
574977265199 -2481538417476
-1495431663475 -35857387422
1330380393110 -31251922617
8541703565909 2214744332629
356948675082 3392197842917
900787016101 2821066922052
-1165001120312 2645441199171
2260016484560 -708978969951
-252979617897 3472736846560
-729251047576 -2260627782567
2820728075181 3199176495341
914789962202 -2270300071491
-9449736372 -3794008394705
2538531219490 -1202165818101
3729252798451 9072852264589
9097468272513 2639781307217
8579743435265 573828091551
-3195901991269 20916434496
1516354883169 29144242016
-3412069221563 188160384036
-21502869614 -3016069053591
-3338628666820 282430239273
2845557072193 8185930536017
585684971133 2602080880889
8745381185537 2844739128869
-2278682548840 -937889215653
1833583307765 281266752510
-412258721476 1684005256503
-1854695178824 11574246897
1771771466469 5947755149475
4614731219137 3067789552785
-1041781884625 -2573418537060
2166426623414 -871440277869
2905528740510 879087550159
1579764695297 5015246407249
-1572932858323 294123857292
7476356265983 447943408193
-3620117823259 -3616399062
-1491462121029 31381783514
-2293757909052 -762448305401
-1961967060909 63144936076
5280223347579 9266195129747
-1045697361665 2577781857942
-550446813021 2417503834322
3539841126345 -84505682
1556186701148 -282029890911
772865934387 -2820566243312
-978967267110 -2259584499157
3292584039663 -302958039158
418396206163 -1692554023080
4463027955765 2744103035713
3516852888624 -271538892485
2165774840358 803122124813
-2394402958434 -851210635391
-682719277034 -2541884446179
4845399336217 983784374649
-1547336407509 -3658991774
598610267394 -2457939069829
3189795208242 -27892661147
-411360848797 -3379483941570
-3648122323898 94133596113
2129841938079 -857751027178
2893287707130 847417743773
-2528231849339 -503259222744
-559369365344 2479103877729
-430209189911 2537983120788
-1472348325503 -10503222822
965526716697 9417976200865
1827345703598 281305492755
1094204008170 -2458208675057
-3314122426857 282377225872
368823153902 1663090933959
3131416398338 -95305975275
97513538940 -3086616599993
711646438076 2257231421793
3513259429618 296438872257
4128800589889 229863612081
3291698396365 323477501112
2208375019243 843414955512
1424265612417 1284508473857
379117126737 3347296550210
2561044411367 6251382127233
-2034892011327 -10465704152
805482629754 2355645752425
3224928113283 -1305220474
1538892399139 -6710523012
-917108870789 -2825090045550
-3705983167744 -105752323659
2009312444238 101074050557
-1384952153894 -104601934065
-2348290365196 878612332473
-2967493829894 1205308047
3641701371755 87298277796
3501512558691 282357313226
-1822251873792 -292483396367
-3053457838027 3486843726
4720591272321 6479773695209
-1275736471130 -4763817657
7173511016189 3653833696482
-745664608047 2856794582762
3742876659585 7824034226597
-3126544760106 -97111795333
-1452710841017 91005546564
45881664168 3578588165359
1976984824046 -50235523911
-554938304361 -2481428192444
3873544066147 4883165797187
2669840509810 -574903662399
398813850175 -1691481100590
667387257784 2510529587883
-2643217014356 -1162263772263
-2630895500180 -606702204999
-3256676190086 281480914197
-3561127139891 -525891042
-619962113472 -2541851833715
6513178417953 9204023936257
1155181390821 -2635621593176
3726910396610 -1162792185
4537632443909 2434543384877
8585753788449 3423906126729
4508661264741 7938114462041
2575853380048 -1234323803907
-852926214243 2134290271976
3443798344599 282127861706
9716044840171 1028667322361
8296479023841 4183841156161
1289598851057 9357078798
5718705799404 8866775146363
3520077329297 6420327981466
9203998637158 324312992353
1737259718072 -191774777931
497138873516 2531404944447
1117970400281 3657832441379
2532132819461 1355968189545
-2065881762438 31385698073
2652559255976 -1129675079439
7724045380192 3891606811301
1571733578916 -272098087249
3983042026497 5001829195778
-1665964264981 -198870991992
3323384197207 -294039337518
-1238596530179 -2510394094242
-3614850540521 -9797736
-1013589794101 -2537991407034
2735303311985 9514863778117
994121227188 -2537151946661
-3131778373387 -94165499340
319165676916 -1788720931601
280375921013 -3504169981566
-3622285508097 1163835100
3622592143401 4433304570705
-3521706894417 -283850078536
-3746107355511 3830297248
-3361712929020 385871450035
-1833750710726 -281281098951
2586782921426 469422386427
510390423760 2542246287345
737285923585 -2824424484618
1770896093918 -283750148655
3153851417191 -44990964
-2158610244423 879832180646
6000114554155 7136564519325
4169990833025 9255015440145
-1452894515745 90270509212
3713626721112 98798779135
897599747253 2411575502329
1310808215454 30218973103
1496053782855 26731659434
579596372031 2604546639260
-577292176115 2667519023226
5834177222817 7811617637735
3799806119596 -10291347663
1641490618837 285831819306
160751613742 1685154763431
5995434188983 5217680494948
391301423842 1663038367227
2518877469081 7519454876480
596544636328 2627859123297
-873660644071 2175887336868
-3114480113030 125595982971
3122891504377 1223229475526
-3066332391098 90662719947
2465969810332 -1129833999819
-1744110877722 -282295534609
84852182486 2004355851165
2251220057387 -722137374780
8480192316097 3720841059841
-1346569065675 10458766172
-271322319924 1816590751583
3390589286853 149980804552
-2098416804886 -10417286067
3192666275417 3128816848369
-2718368640611 819006376476
-1760242463061 -292888822400
-872998543143 2353234554556
2360313156061 -814789991388
9803725823618 5105430254725
-1088983267796 -2632258450125
3134163601281 2959322011713
3329492466045 -291821693032
3275832797017 278942791230
-2235141656214 942933697399
2991658313311 -4419288396
5389133867709 1151553805329
3517218783890 3219378208817
5530850877481 1478497157601
-1482630603350 124241553
-544665168593 -2639641404354
2527678502028 -1191360938533
-2601097824641 576980691048
-662093360836 2582717166585
5074159772593 6326591210649
-3305842851871 246317615088
6508783309889 8788445432321
-2558802936452 -660205787787
-1293532485322 903982437
608576608250 -2447851782351
1401747585920 -129656666739
2407723464440 1129716544959
-1076837081646 -2537218612981
5599037208625 8841053761281
-951062457784 2224439305731
4732626892899 7979191060481
-1735721134528 -184799573253
3689597011024 -92982577083
-267978298334 -1756129258125
-1683668194732 349711568205
6614571389573 1653890210381
2532843853804 -1196010116673
423076217389 9941844049285
688795831621 8742277100165
-424099047195 2542310644712
5397351566465 8857583353319
-298891423076 -3482910018747
1411520383386 7135543812481
-1369368332652 90658179019
2609192871541 -553992101772
2970741653028 2559419879
892794026779 2731685395374
-1331634478223 30224113254
-1490932612176 31340144195
-3018821597405 31271051298
-1798819918437 253506805046
479809723998 2513972143531
4695295159473 5092804481153
9177525322401 1518346643801
-91533865865 1391222389860
-2794047391890 955898516975
442738025289 -2532940753988
-3044488613327 15154063716
2547766701089 6641777354129
-3728693396755 384251280
-190375935385 3347311607028
1158446868367 3164233091009
2531928993204 1257595782227
4429088157793 9840511517495
3807560007996 -1765072261
-53759687600 -3110226119865
5722493546569 8540819928682
3235869716539 8937241164
-2985446695095 -10637284450
1241425839138 -2540378855431
-1578383842027 -279457802946
9893438574593 4430809719665
17785110993 5087946831271
89289533936 -1997927203491
-3438152845514 280880566809
1620671911768 278928600207
1987648331577 -122810805694
-433586786451 2541607776910
8507256938063 1691485565737
-2390607998790 -847676096351
-1834298254046 281224244079
3356124542777 8411102344193
7185383697173 5029528347137
-2327179824892 -836952617595
3522224536954 -281272411395
9722956423793 4518423209001
6142825384457 7747629467617
584101017677 4120141487233
885343670785 2000650706217
1146729841260 2637300407545
-253537242942 -1798793035217
8244911863377 8533372965083
1935811783457 3889784509393
2513166675420 -648676348865
765603636748 2228184845811
3225906080693 47830422
8439078795640 5024887176703
3752677724453 -31323135486
2075710567142 9740361011673
-1320202015193 20499949440
9182120276095 2307639048911
-2638315020010 -1171345919697
1637274539182 -282300554025
3345824689239 184670454932
2616465964779 -1133193199234
95875872110 2001414180669
2013558258600 -83654993855
501279776802 2555924641121
-1724129510048 366156110775
3085040212211 -97716077838
-681570837240 -2538374247595
1499943349160 -31425578259
-837810659156 -2381086345833
3417336567012 -367269781553
2767729995884 -847355511861
-329842205523 1694534237744
-2128521203785 -847160886480
1282272961632 10446004297
-1394552813090 93368700891
3939777551040 7916119571470
2536562997129 9788839854689
-1340114422571 -4008600762
8225422497665 3822910097081
-1197300909069 2551956488942
-3759568972516 31266205743
-206423497831 1694571393042
-1701690089032 408684171687
-29240445673 2060301982548
-1443074965447 -102280781322
-1920134913738 373064293
-2837262607477 784140487164
2897651277239 842224863096
-1511160614335 20908004304
786187929529 1941721001424
-3479549028557 -262642329810
-678265431800 -2538335813499
1382625201154 83682824895
-1328637425373 35650715650
1300323238253 5935516776801
1904725329816 3501126827
9660692954869 8806121429969
-256249537260 1799180809939
1614152805980 252206014095
2656892733053 1132544880684
-1166648423945 2635951434372
2064778845523 -31399095708
1178016055140 2540677934195
3650829865841 6314415016225
2791900212173 927826898412
-1934585236293 91818104050
3688777474798 92937873555
40166008232 -3762298277955
-166931784542 3391363640169
2785112669335 -941562706464
3629298674945 1323624474513
-699598528519 -2544951197628
-2662807311689 575708434200
309046016982 3305047524425
-3701558643471 108137150806
6354193567961 111370524917
-1246576311185 2541829152348
2097596568905 10464348876
3419481114860 680032876053
-1740781867336 376577496585
-128567473525 -3118223215626
5359233671251 530703556067
246407135079 -1798621143884
-1188575851761 -2530366862260
58126258602 3661592359327
-3513812061022 296390961783
3265264179076 -268501059099
1401331642514 -130044616521
503653741555 -2548939908006
858419577341 2149782613551
-3032474039074 -3901640799
7795808983186 6256353178320
1564938334808 271926118239
-110780188680 -1977135365231
661454551982 -2499613631271
891320368436 2164878063219
-2658640231988 1126231950309
1397774367269 -126799867482
2369061120879 7980167764689
-3322800294605 291341152506
4350112459017 9319141211875
3022343545400 -34865721813
998310382157 -2541481443396
-3494020638960 -246458429813
9332783344289 4216509035001
2714921032203 879014199314
-71613312483 -3103362297638
246940332873 -3493756374290
-3008330146999 -20833196046
651174065953 3773135045185
-838982991402 -2699144204911
7462001086266 2046369834215
8811872874583 1216723422209
1120623367169 -2663903260170
-2201605952689 836826526326
7388715963489 944554403805
2021975836964 7663057600897
-749290222893 2844138846896
4550291187021 5212981953829
5410209276791 43392239368
8662068039745 1240607422245
2970059605978 3486428919
-1232253260067 -2573223130306
6957842277988 6497745565977
-1492926511689 31382597300
656952858234 -2520988113935
2010833326244 -83338911099
-435118625283 2552187457972
4780383963443 9025750179269
-1560407843741 282472505442
1422200810738 123287403267
-1087417920083 2638336752522
-2298007011744 940279033669
326087016039 -1788676819576
5315467410501 165762492271
-2832514404461 722137422912
519412350643 2449229405238
2396039975186 850770795069
8136895287341 4486649184541
2378156071873 3717457956106
901504578084 9215379974011
1641658909178 -278936554689
8957736006808 1257215613612
8927484422487 3206988185543
1560971225889 282946631258
4782199594377 7010825054257
-587254240045 -2639495774064
-1417958686606 -62213691789
-2169756467275 -868591960524
583207444984 2447679549555
-914815952388 2269556522323
-1076793925319 -2538377453982
-2608622880135 576438640912
3515424316558 275591720601
50990009418 -3668441511163
3483399615952 308392208091
2545767042513 6980708889777
4663967957630 9145049384033
2334222819297 -850695028648
-726391359300 -2249491965589
604357483920 -2447164616849
-1992184621298 62374167015
-2552124988802 1197122932233
2139427025219 847301895234
2760289410844 -832969465323
-1126226903957 -2658409304262
-3474812922921 -251161699412
1817139254099 -294095552382
663083700640 5294372987889
2349618658266 869382626759
2322951723652 -854391318417
-1575693504082 -283462165221
114177826154 3668054143149
2376866628833 7972141027654
763535789999 2293524988680
7586830457173 1666474280029
-2181069154982 847245022749
2510383496449 -1043318567628
-1870982082669 27872112880
3210939486665 9595404698129
887039264095 -2730153603024
6125651945564 4293278269069
2801005801271 -752877584106
-1326202007077 -31124138838
-2077900375539 -30218439518
9997484580737 1059323438820
-105301699854 -3699476123669
-948972082297 2856853036746
-2230706195023 -742814211096
5401390934073 7698600953057
618846359783 2545323916590
-939873754363 2297618795340
2931320534472 -816295495093
1290185864521 11235113172
4243276935781 5281409198065
-1311462830235 32394459266
9888008441427 1570862010929
4984462137725 4515686592647
332198158601 1694592083682
7729446847411 2818702892329
2788882291563 9339570247963
8666324791708 4573656190193
-1799418001386 316092051865
-1851213988856 -12743362503
-640086498792 -2541865749925
1912195455065 728603796831
3343431104200 375323825325
-199947943327 3354787138770
-2064875312182 31382653923
1790998236918 302848207241
1472802369369 6056977005569
2442633045497 6643219544117
2754461140028 -845743710129
-3158922860910 5036964991
6215904782573 8411379470906
1551794197484 -1535879061
2686632040607 -843751337166
2425151691809 1126228723266
1840559654202 -4649642947
3231551945683 -6973759776
386616394583 5136629004183
1003287355970 -2534863384773
9626460971673 5080983574861
2974293848663 773778318
1357435727216 395394591
2627655480905 -596225836890
8302387203165 6267443750865
3642022614671 83726052162
774202056185 2255117271156
-3523388304280 -282426828975
-2461724059850 1096915814769
-1808769620344 -285916489137
1635829549439 6261586973797
46100474137 3577541237790
-1235326252992 2576348851987
1194469646507 2531536273038
1128580634102 2674880215659
458486203613 6902772032927
-3772612186487 30620574102
1178297608461 -2540703566836
-1702243163582 -156919645497
-1520921947924 -31393163949
-1136731760475 2480796289682
-923390339723 2824282078044
286393083804 -3251992894619
8228046813544 5452225079657
-1233292322753 2506552992246
2279968999033 1776540032525
3406504579182 189855230465
-1884207297416 -24793329375
-893262030294 -2730215801465
1686990167937 -219667352456
4072575384593 3882194819029
-204093290998 -1694578812969
679870433882 2536956199233
1112114054777 8451739507600
1945525484227 81749423502
469285059110 2517416939691
-3134946156565 82391957568
6672186984685 791408051935
8036195021057 6322997666665
3224630121789 26041310
2050138826171 5020319076
-690306950065 2535665034762
5085476554871 353065106177
-1986224433344 -129384035859
-766864113335 -2856833743278
-1608640352960 251440627239
4192354264052 4957314741161
-1479109329076 10590386283
-3280330211628 -250899968395
2732709882667 805447195902
7198497948301 8145548205057
8967415046161 3545963227033
899417733023 -2264483748096
2815410123447 913666294558
454228834083 -2541858328378
7789525882817 6625800553593
2245069222965 -911342128100
4965414589185 8381449755157
-2968722480875 -12952782
-3262949364806 -268482073017
145582050107 3392631597348
4127256211609 2959564205341
1657604668786 188298528633
-1881345286588 -38225672685
79465838727 1365022284921
7857343068657 1613084551585
4543584715743 3159941435873
4844763180289 6452015834777
2364395549476 811128891375
1812602785988 283635013077
3148471214214 96082111783
-2426058322563 -1133075796722
3155386985537 -777016314
-1043802510426 -2510082999419
2013982852141 1824521850499
3570733942179 8602741585601
-3253183425066 285058561285
-2707522538209 850780787472
2318983868169 9713525934157
-1045777645250 2577835172463
9565306072558 9951088932325
3182833471397 -19186542
-967140731509 2259007594146
5266645987649 6907936212800
1321536529356 19480855591
-3499329863384 -282470457693
-339094752676 -1694572968159
-3644206728349 -103409226396
-1261299145141 -2541826854528
251724045183 1781751612608
9990259188577 3681598402137
933575411903 2290860575244
4473635929703 1072317150465
2328748361754 481559431809
2938984653297 849521901914
1333319399450 -31379960355
2649586936780 597488489913
7763650562265 4578686430593
1913011435555 -14339347614
-1697374737530 209224716549
-3071841662270 82989406953
-3785873270446 -3296528529
7645026877593 6742962863961
1855242966962 -9346038021
1739059595653 188289533178
-815659338467 -2721974667660
-210239211173 -1690736494662
-2021126287557 -93640513724
706907491279 2259407773368
-618626435457 -2545343023474
-2570223809096 -1233160456803
-785488126307 -2810354073138
2224169615625 -929894736572
3804378596057 595664558865
3522765793169 282702131910
-1056677616579 2544579840248
721692412392 -2832821278669
8909115487859 4092713860865
-2931115297008 -878239222273
324664971120 -1595627689793
4917328019073 4920316214465
847177995433 2937463423848
1021322362021 2509335283716
-1642734861565 280101275964
58732557911 5235176104073
-2416145443738 572992600077
2638829122480 -1150595256993
1784126139014 -240330020733
-106770401326 3702584445315
1252786453963 2552651423172
-581276505216 2635583377591
398224138024 3385777426305
-865874537982 2729849319743
1592011023024 313817504813
-103538324937 -3706839717002
2463304309873 -1161108832626
9370436201147 2737804265097
-3394968271288 -344732487759
2113866815639 -3484205928
3468891252721 314979601374
346009725490 3375348053283
-3366082248701 -376194858498
6805876308793 3771584442853
-1677985599470 -188284940235
-546692131492 2447584002351
281745859740 1645749460817
561266745953 3110892115053
9499979317137 6866116265025
-2302369139809 944526372096
827174478223 2726795013888
5642128781145 9822009714690
9881980906345 8034813197429
-1226955261423 2563789383622
-79447485402 -3640073794133
-152268595826 -1705515894585
-3578116878614 -45333511641
5997022385909 5091155374081
-873309111883 2918567861082
2127074530399 845681400648
-1706156054089 -223391814354
7138878422621 534283316937
138177794932 -3671909019261
-1587353695221 -313824828844
-1121137644813 2667522929122
-2422904047977 563568734494
3223481275821 394731094158
-2272020059739 -972809130034
-470083846071 2559263019506
-2309110039725 847269648388
1707646514431 219667421142
737108247447 2824296448846
1067717321348 -2528000001693
1733333408948 -189282277521
-2000968901381 93106658898
935708201425 -2856083682246
-1912562830528 -13975244919
-2586810251666 1224836873253
2092490152189 -4519315296
5246421402407 2596232372225
-1240217905920 2541459256307
5847457955654 7922046219201
1983225678997 -125696296260
-2535742231987 690383790486
928991846393 3697190405649
3591604010761 5087379840929
1570013566046 -296373485517
5483753649424 1392567249409
2015163878772 2135911235329
-1100029132700 2440796706921
4480309847831 9970247954257
6028054526839 6576364149281
1474687741643 -12770350248
-1904496455189 3356232786
213425018256 3389304304135
9610960217777 520485225686
-379019193952 -1715842308555
3155026110741 -1219654420
203117654503 1663240865934
7017988363457 1088944322017
1070111548592 -2553612886227
3516296431738 -268482576105
3266976156335 -271237525854
5894989876738 921203236479
-1178538720809 2542741111656
2291441320209 7290355554277
-1142227658598 -2604584717063
3044960498933 1125981916375
-1103080919198 2458570361283
1763120874457 7495467023681
-873016908879 -2164902460154
-2742848741015 -816304536228
1018644225838 2540751397263
2607160939424 -575333776455
-1013203718524 -2545357375983
1451210771379 94144576310
-2358825414683 -878684017122
2241891576082 753964918473
-2815881059531 -721721060604
-3527118310346 -282539478075
551536956263 2604585258036
4177058780161 6917610092649
-1732092492956 376443577413
1328428634250 -36302913721
550415786816 2605833251127
-237992270357 1600395747066
-3245241533478 -536599
2390501392921 -847250152428
3199029705413 41845690218
1078152305327 2538492254502
1677005189718 -375839483455
-371320662505 -3420553067442
-2945221743043 -836570428626
-443275026735 2551163920064
-2335316749766 847160003715
-2119378198582 847293704421
-1513186144983 30605748692
-2995269844382 -746202189
8738566141273 3926103734945
1496313750473 -36032290590
-925530653162 -2259264122577
819969274455 2739445666714
2558561818193 6856441707741
9800054435873 2313543610753
796946938740 2824424498489
5926636405593 2574732928641
