1400
1402914658386 3964550777729
3548427260128 9961682211
5851319746689 9596928411316
2106643239191 10503574884
-3619626462252 2432379211
-1756238698241 -289143346704
-1619756550018 278797726919
77254725014 1978166358093
1349345185131 -6055474870
2035975929611 -11635704486
1203012269706 2536832019187
-3682286358956 -130221113997
-3488603232812 -251091503181
2553853640577 7421016921417
119115304380 1410968965961
1994231351329 5978106695961
-817854503529 2154917258848
1706592429841 -348579601056
-3696757656415 -94057085790
2035242394298 -10818607947
2831445976615 -974375995302
2261515186675 -732177425958
8797985399949 7147612534401
-2698609996290 -852711965083
1701474633140 155353971465
3643979958874 84844555725
9133284741121 5189271242425
-522754659783 -2443017074110
3568303990887 28281163564
-647447326741 -2514357325272
-3390812699648 -331287093207
-1603904856538 238946797935
778626598722 -2259063278515
-1877866462378 -20777097291
438986511256 -2533586527143
2311146376499 843801234552
-3615912379699 1502033706
1360967013461 -3218920398
1728927571906 367222010919
6309260102770 9636595421314
-3345469733585 376573239450
274214556979 3452289805764
4361969754465 2972152902249
859716473646 2322074558989
-2157871477775 -814615807032
988899890517 6447796332545
-1815922016128 292875599829
-1755298762744 292890476043
-1932579848208 94085958151
2529944233679 -505564606296
331908934237 3389112972252
9949604569898 6532424817481
-869035263796 -2357194863795
7542232339123 2857510402131
-1712030094684 -375193059565
-561048435179 -2427835536012
8314287394945 6251112215425
-2428857397770 -564816078739
-680081115457 2536826172270
-1047817945715 -2573246317050
-1717852476919 188807167566
2459029950453 -592756458290
1511155621374 -41858753455
7497253527179 9091030327175
464054962193 2572084035744
5580435094357 8543414381097
4701413060091 4342458761818
2465022676382 -1128884964531
-2513378088689 1234323220266
4401463406337 7140633196135
-1189954982412 -2531411343679
3689117802410 -93374813547
-1490938144843 31420740456
937226185689 7518870272814
5237039938529 8808416438480
3820677181899 7360714439675
1527161402609 5881792121969
-1898412753085 31511272212
3386167899121 228917745894
-1928571925195 -1076205198
-126853121860 -1398572022141
3315778354484 -286692638811
2593595496313 -1127389371306
2156165731963 819800384484
-2294409249058 951116220117
4830015067787 5345213814677
-1988354024429 59232140352
-1151182196354 2443068820449
585245223851 -2445354901890
9273719427314 8890010689451
-1165114423321 -2626754001444
-2548090167922 -1067085697587
2166067737946 -885481675485
-607408897606 2632520849211
689108976552 2534461641451
7474902833425 752907610881
4440440375009 3438199253835
1507221198295 38349841068
6680788875813 1430443052193
-1091605267627 2637218901474
2895967223048 843620070015
2275860634470 941820748393
671746193841 8714735922705
-87359006878 1947175316397
1172033719842 2445380575165
-2031980517600 -142957619
-2204146726197 846168694856
5333007479509 1772225973347
2323067675236 8295711857522
820394485041 -2175364575748
-710817374102 -2257116604263
1394890401056 -93381033411
-3110867039319 -115109234866
2131760459458 -837194953029
-876944207291 -2911450646304
3173989841395 10890652590
942201163776 2283945876899
4158319317985 4271058572417
3004948446259 31417788114
2603607169596 -1137040859341
-1118257502353 -2607725746296
33931123308 -2081611883209
-1546733801801 -3486252960
1743711221848 281267738523
2141913352717 847734835416
7570999717361 3703041247361
577276955103 -2478931541398
394157272248 -3388422667487
-669443220978 2507598512891
58606596808 1422608075217
2220983228073 753925043872
476311472347 2573254682406
4948331080065 751745167629
9894328948802 4117926296230
-3371946967187 -375410821578
-652630831165 2510505610482
9746767637501 1838987270113
1233861579159 -2568593060038
-508254728443 2541746079414
4465931137697 6452277590197
7526380439145 9149881252857
-2828411198718 -774027921293
-2752722835456 850779154107
1403807158769 9001337726155
1122443785639 2477958768060
3306733011901 -317680037454
417706220115 -1691089490410
1985995438372 -66248391675
-2615042462595 -567685807372
8495601743305 2176979222201
2965196788713 2254332869185
1439408256897 3778576454757
-3359416177912 181298412981
4026713879801 2348447157817
2738585839491 -815893204682
9637528781431 9589709285769
-388554883698 -3423888378737
5171656952052 7124343745105
369832206150 -1664358403979
-2566030484040 1036689219269
7427886709585 552959469623
2324521088946 836632685705
6409963662945 426504372721
2798987853752 941374373637
553456611021 2482575075134
1126165659096 -2616637914883
6365289682753 5593992187529
-780918615957 2813102512156
1203716750673 2545429120550
-1169673098807 -2635879918752
4043696942457 4633509091791
-3059544226899 -9053866
8581032988441 9188847385895
5699178690837 6666648741081
789006429804 2248573637791
-1282942150046 11622344673
3804649044973 1162252692
2983308619285 -10441750578
-2828939757005 983589940728
-2879889631887 -846126877148
-3274961724869 285914720016
2082247254670 -27937343799
2854978513812 3371046634625
-1470267721878 -11034473509
-504053566198 -2552238434061
-2568454876265 -1234755471564
-2513740529728 649699968309
-3303125670611 -250833302316
3770816987998 41972147511
-1494297151150 28061620101
-1643789903846 278813027997
9847441800141 898590449805
9911729952209 3081709758809
5820415282633 7700447740577
3055632197632 3242675835
823123261099 -2919649099596
-1447650999283 104558888574
2447627064129 5873556697107
2928960072774 -817973995831
-3652791744769 -94142312802
3454960148083 2913753627602
1300706545163 -803717694
8231365846785 2281096180113
2887430666802 839244741065
-3780149551249 -32523716574
1041859511456 -2573235720873
-1239304098427 2510356218858
8935448007311 4833214458945
2779393645019 -942477666660
719546910085 2834368850832
2338837297827 878497694416
1333894973893 71213040
-3206839441285 -30998422092
8503260141657 2871669331653
-577502561079 2667050358082
1807150232589 -282831559640
2271081488195 -718793615790
71163704381 3671626843818
700147132525 -2538378453522
1320904626228 41836984211
6417712932861 4412666627591
944784018394 2216072294037
3317505793789 6478820886221
679134799948 -2538288344421
-739372551709 -2794454579034
496756913923 3383725933313
6434487457815 7317243985169
-612460856939 -2542382743356
1866307823266 19359
8391668827209 3934261692869
8749525031457 5908920236033
-3530121967124 -282558676641
7616036936725 6316313258553
7321488607713 7811187577399
-2560920197588 1035579572907
2935033841603 -847158701400
580738300987 -2635939410228
-3335282523592 -286087977135
-3727454784462 -1564010419
-838285954792 2325671023707
2593042526769 1126762371712
5830467345358 7672125254017
1927274534172 47947549
-1746515537458 287205430293
-4896805126 1338968256705
3701257075137 1401627236065
-2445717482667 1087876564690
6029581965697 2212845790329
-164055356523 3390717071086
2871671695935 -847245749318
3760075261031 30989499228
-1925145662861 4518291690
2856083576649 956456884810
-2543388950929 515909934198
8705311918529 1962885854273
2585331666974 -655516055799
1217597526814 9099040423601
-2080144401428 27913485825
4453056163521 6187622450979
1091870675346 2634887605411
5891213996322 6098462929057
258082677583 -3481877429046
-2315263970560 -845882482401
-359310441511 1693019666172
9904345341520 275724190081
6990227327931 7267550881153
1160729611007 -2462659843374
8568281463269 6232153272865
2779199400140 -751982954583
-3042548950175 -7031017650
4544634826961 4542812359689
6625085355624 7415591336577
3223377107042 3341650941
1077153878437 -2539596928932
-36316415362 -2081603914425
3112904037761 -125697839502
-2431473603021 1130234680382
917553297499 2258226208800
-2960059439000 844977018735
2046674371607 -1549505040
2975790437730 -79781683
988655456030 2541718121283
1057666542097 -2545653941964
-2226536668807 -767221720056
1526601154440 3486252959
-1454451118857 96467641898
2864955861 -1548133520638
3692215381870 -96472549671
-1328419426401 -35523118024
748535774765 2217063812904
2193512535099 858779958136
3646074323470 94401636291
-1920290694645 -1594160
-2642115158315 1098323271120
1870866033619 34691402412
-2382546040541 857347134924
-2020642886196 94181613809
3468909027078 -252340442737
-820702706991 2176098017734
6716588311553 3454255956361
1319443727947 17475551658
-2144369238040 851650968045
2109708842581 1161789036
853940349540 2885895753809
2681405425255 6576223072173
9718734236769 1252367695393
-2490761217607 -1126490093730
202386888678 -1662422853599
1657163080523 376587530046
-996651303669 -2540705683792
2797231417627 742809443112
3384157501184 418299274791
3204279461420 -41066421657
650669874493 -2573245473192
3773155001428 30217734453
3719122928304 -339420205
741193359773 229547234869
1341356982366 387427051
-2249148061401 974768176610
-2772604882284 850775374079
-1348012781909 13963434924
-1628404087705 291341804238
-1807180526295 281984506070
3188329044967 6083471209389
2874409059820 847632982959
2574660306248 -1028630089551
3067653850743 7970002006574
1763480415361 282564526788
2978593503512 -10458758889
670508451442 4085913697158
6256035695758 8751318971070
-3295933949203 320739543774
-3732131271279 10028294074
1906933381011 -1305750562
4459904579585 7447069159939
3770054466849 6759676563401
-616997375601 -2543802930782
-2745669878774 815820924867
1509529296005 -19717051512
2627816235896 -1160579640753
-2981125549 3055627918608
-2886762456103 -860058791100
3319117326672 281255576021
1051916073573 2542248544094
1065681828090 -2548494968225
-2853619445145 -951847522082
-3395428076769 219668072626
408538419403 -1680630283188
-1840270633392 -3359413531
-1871506501823 27937282446
1225353534607 9824517229409
2662821490561 -1118884718862
3667315698105 -135826746130
449043253434 4374685698425
-986083051045 -2259436272156
2225620274707 743027858340
1112590918821 2637155519956
3601577698794 -1123820555
5578256298167 9067263626569
-2103165159558 13990129919
-619480902126 2542355285543
3560175335735 5937132860681
3608618385698 -15109219761
5533304552617 9728681425640
-226158660576 -3387993767705
-2108367388365 -258259942
3753582723577 34840904466
2570509332328 -648412227765
307099433578 -3293818687845
-1205498632218 -2541865769927
3049889859252 -435075305
6759630271719 5746324245002
3716388831938 -93009615417
1199849160003 -2540875062646
4828267235657 7976398161825
2998689528851 4847150936141
2317384238507 836455241544
7468302396665 2903732775993
-3759004101426 32499743147
-348492811886 -1682562465489
2575242734049 2687665922709
1357744356947 -509580
2266064868124 -723076322379
-3499575631725 -282889475938
-3248719950707 282424227744
-96232811951 -1433066540796
2439605734529 -1098812731356
-3000004384233 31381050124
7015957073755 4242530573089
-2094556531318 -387477729
3858755637017 3235841416173
-1226793212135 -2582561275014
2624530576247 676454076375
-194982224905 1661992463148
209641107424 1699341058233
-3197384345006 -42802251339
1308409199341 4220101064105
2983275460802 10503240921
-1550414834584 248957145
2224256158411 741523402044
-3254121698754 278956208071
8950101047947 7965675217483
-1250051909848 2552326201215
572941212030 -2478586911545
8967467805463 4244845713697
8876144720801 6488224280161
1011239021298 -2543409729955
1622778551993 -278999439462
-929974832050 2294706498543
-2514206904539 1233159232806
2703527153662 837216266733
1105784062058 -2637153198873
68997255913 1412263005834
681876095237 2087321256905
538840761741 2447593738978
3346660605606 -373028479361
611904722028 -2636021702359
-1833002164225 -282864668316
1297831611028 3352501143
1468827103343 47875698
-284106946853 -1743453926352
1101431140429 -2435940701730
669930554577 -2515121062442
3702333253355 87132941076
3006814852800 5032161506091
-152061522333 3399615324334
-349327820364 -3399643318193
-875675834234 -2909142025719
-982825674233 -2254916541420
-2741687523000 875579897353
7196092636009 3926293654097
-1655639401103 -376574257146
7328378846299 4511755191279
-2470090677773 561367506240
-2800012788524 754751152989
-1698497071660 -145139043615
8952048435809 2655553725629
2678519902326 1126233486307
1504257451786 -20919124563
2837642873847 910036972432
-1795775889739 312273485010
8187159418705 6684153229345
-757250305168 -2280362016609
-2549303156973 1003032650800
8268155119297 6136196347214
-2247750907435 -724733149416
-1388051172566 92981803017
-3030936156721 -38414658
2042824451615 9416071722
3167951321418 -6881156837
-1404826334534 -124504944075
2163814058906 -829850101287
997915322343 -2541852010970
-1225829978876 -2583578051433
2652176580097 1302151122507
3328714655053 -272509809660
522551776355 2450047228566
2126516320593 5550864290537
-693604367936 2553531354399
4527600431105 397878955653
1166761574690 2448068611059
766113027823 -2855289003918
773433149248 2827735020633
-2831715962708 908754367563
2564828073425 659003839542
559088315223 1633428054937
2944840491534 -836950303945
1738039413990 380053102789
30511245297 9614733279297
-1073568893525 -2540569644186
-3251649296246 286048656171
-823921463538 2165723571971
480524913991 2506940582208
-1563738799714 -282474195021
2542096740689 -1061148970200
3545348922745 3625448763194
-2929241013009 876235139774
818713440038 -2928899451609
-1760490501217 293923012698
-1047250041185 2514231900864
5642467266936 6328905061337
-2999779788676 -31079572983
2214912835441 753269781498
241812572466 -1785752554553
6691317580601 4290128598447
-1658200204563 177940814662
-3272876668334 285399935433
-1744107958102 -282563990811
3264618223257 -268879208318
1491875147185 1774623984488
-977835461331 2269730658394
-2612404409370 1129850455049
1830062575989 5889189577203
4071737688271 7493344539669
1103579458753 -2636010082584
1169479199123 2447683303710
-3169631082152 -15536507049
9039894956839 8038969439539
-3686056129394 -61642724295
2306001280929 -941819208758
535226526369 -2646464757700
6522782442449 8610862294408
-828977961080 2165288918355
8540209515847 4895694976399
-3608558552918 -8192136771
5139642774318 5833697689601
1853116972889 -6992705286
850438722677 -2708198359380
4709554334241 2272165417889
-2521937282434 466832295999
699806336698 2544995309493
-1013509178288 -2545826086563
5446941264235 4346033262081
-1857112489174 -388994697
3294646264648 -298572590643
3663368729613 -125151189770
-538737701836 -2636008587261
-3738368331123 -9339025834
3599178062947 6599147449384
2168388793908 -806422737623
1792084811728 -302632804179
6315438053031 3576331688811
3311120044194 -282819089555
-3311479208159 -282428434272
3560674207560 -65665
3890537007105 1179607082040
3950668528737 1041637668209
7624847700497 8563035884993
-463958227144 -2511635878671
1154009797054 -2446899742881
-2424619042835 1129378555098
-1991995021854 -62417036801
-449545825450 2539499839869
7006622930014 8377883156547
947236158410 2271681792823
2459880517313 9836913547205
-1866758605893 -371516602
-3697412243902 -94207494123
4095851401713 9678860356885
4391777893329 2690529717915
1659853269769 -366933460428
-137520776498 -1973352567051
-2089692993844 -518045619
417671346506 1690960722795
6395195626021 3888871477777
845466837021 9850813368054
-1270621211075 2541823432608
-2879426197867 -847240838802
688189845049 2531816808030
4022511804560 8713047162746
1210097604319 2572471691694
9624670184665 7562245703607
3258609541527 272146678012
6216706146561 670036625849
-3327012521425 296377442454
1271956218263 7844056582161
1794017234794 -250986121119
8680158979645 534904026677
3952065759498 4915287400507
1558757874398 7220859682001
6257343008121 6849986937969
1832560566113 2991933991581
4987548293501 7407261185177
2751347322145 4874320763137
6902282507185 8922563880385
289631679794 3453083759703
2892259952952 857735204149
190805360347 3430995201300
3480050726807 302143333788
-1575212225511 282572973064
-514775460341 2542253419404
248289559269 1589858895626
-1089323111174 -2632522284063
-382015520726 -3420620521389
1766101208781 285875000056
2005863555328 83678222727
4479188766421 1614052196609
4548905355079 7211076543632
754969981830 -2301239421235
2923786418213 815905719342
1696763116068 -356080166677
-2424327695276 -1129374303849
-2851411728486 763791803909
2048574677588 -3488424657
8665523143144 9667683897889
-3809218152514 3483736425
2779983792385 3725892229537
-255445398363 -1778203180234
2428950631031 -565261018044
8607946531225 3659006414995
5185315877519 4991183067997
1612506929055 247689236116
-2744756737563 -815864273506
-2552102460481 1197129546468
249504407883 1781560273406
1291352012875 -10057993536
1388113523739 92897480396
8659213994385 1524021566077
-1784852041191 -260504551628
994157200725 -2537102168452
9255240709497 4402175296160
2416284426053 1116420449958
3133098815451 83547305252
2368469637630 -878653719007
567537026743 2677977841314
-3476637233216 314972798421
-2678178858476 -1134232481583
7141225623881 1227468742877
681906208663 2542009672410
213921855616 -3389541918255
2817113583653 783378560064
623923674156 2553475686241
1523496897246 -1167575887
3397302799393 345659856660
599665183892 2645050238169
-2195681717063 860829203646
-2027169992849 380806920
1936541428523 97619826738
2136324619005 857371077478
391453014226 -3420528943041
3075331572885 -101973074680
-2508194629622 648283683141
3581135498532 1322959253217
-205893576888 -3389938667317
575424631389 -2483366283676
-1422876224482 130128701985
162975622049 1694542084500
-2455272994361 -532315692540
-537797203942 -2458056438747
470357450467 8021195122557
-2420312949164 1120420590003
538974511587 -2636013840214
-2575868966753 1213386780348
3265125576503 -296247007098
-2428625940716 1129756939713
-1551166754800 1162083987
3506296230561 282472344746
404207121324 -1685245331431
-1222562311797 -2496882046402
6587983019967 2499080601257
3560389176690 974186755
-3085390509728 -98921367153
2098465542270 -9300397331
-1161566032561 2641834663326
1120549471879 -2608467083244
3211867950469 9570279768623
3245783703021 -1033156264
-643515091832 2573334044271
3522746764114 -282815365887
2014190793081 93583650172
2896381495356 851033687491
3141221951993 -105684542046
-3702039600436 101073648843
-3706049850648 -82613632211
2230296345381 742283074738
-1230523390543 -2574407722752
3619609494621 2091276501421
2396301414189 843803261738
2078698307276 -32538544695
228157455659 1694449675260
3154074635542 -8835489
4557636643593 7430464418365
2962138993041 847288937474
8980915983402 8401726558265
-2220552528574 -942642364941
494294715808 -2541736629063
7724144002137 7000479731507
4430282303233 2427809835828
2316528746060 -847637234739
7155536490945 9148633239785
-430512824946 -2545338264065
-1682951958854 -411899488143
-2776154793029 -847286070978
1800344670208 310901823135
2530943981890 1069275827979
-560206770567 -2615633894330
-3226922775199 -2184
352845671273 3389154378720
2297061285629 -941579885322
1922208978010 -398521971
-3600284373065 93017466
-3507620818647 283997816702
7990419057995 5029341249025
1232321884220 -2510353789371
221344158865 3375231040296
1820325061985 -269644658400
-1401657336738 66889842109
-2966332730325 -42988400
2581448634692 -1035187316241
1234198790098 2570477000715
2084661877851 -32689087052
-2638929733560 1109944643501
1269819002793 2541904098724
-248720583269 -1778576212620
-1166587466936 -2636137970991
8844805107969 4885388605971
-710228134616 -2820400433721
-500765012747 -2556214674060
-13218034447 3797222824608
406731700905 -3381664328810
6944551696597 2014661845591
-2436118665869 537522987546
-609562341149 -2636052763950
-1036410605653 -2566144703862
1734548223661 188284764060
104441813794 1447790314983
-3605582269568 9255407337
-2547332002642 -1255363533225
-3775259035242 27892858763
-2332961568789 -849631719770
9578059744521 9924154131985
2104005842525 13946599332
-3117860649877 -129006084510
-2968876719572 -4173147
1528052834358 3488240399
6692878789513 5382493575723
5432874861885 1641899754241
6743778115585 5307872472333
-3028152580047 31385763614
494260773057 2541847406092
2931226638371 -815707373970
103021638018 1949241680189
2464591094203 -1128541652604
-2183083335499 846255501180
5730051668183 3043708124866
1177203657835 2541465174306
1608968598233 529449174401
747184256237 2228400030042
668245295285 -2576987169996
-3298800555637 262651939488
1670045518987 -377377257690
961257055637 2820423292488
2171397781833 8600704384396
1614898929011 249862280922
437968616518 -2527919248443
-116669681716 -1408526968203
3476390083672 -252598163193
-2998992296122 -30094639965
-183643132654 1736705727939
-3292150250429 324229498842
2581109257337 659050101186
-300292180364 1601735596911
2677437453057 2368112005977
1950132887656 -105038421597
-2598585148655 -564854281890
-1585231089978 250660813139
1990162839609 62671241324
3549883990001 5634576654149
7221930277629 7387245122071
-1456263218982 -93626441657
2099821052108 10307320299
2366995263028 -879871795209
1171591854375 2633167942604
1054384765441 2771176061267
-476044795390 2573245294335
150856403585 80411458401
-1442088587767 -101075452668
3168593736547 13990381128
-1841650452488 -3529321299
1531753762982 -386711253
-290367725224 -1569052292301
988225820909 4642851245235
-1457885224370 -95434573923
-1781297411701 -312779640636
71165231438 1412192144601
2832307653213 -909605912540
2266483323344 785297061909
1172180802980 -2451207957471
-2836611373484 -972829315989
3049444335029 135517284
-2700332757264 854089984567
-1172364932610 2451084526325
3404231918502 -345450642427
713632754655 2824756294748
2142554971853 847246625604
208011797942 -3386185611759
1549139538594 -3874241341
2706929149370 -847547440821
-613667873331 -2541277991390
2774585604681 847247117044
-817749830150 2154832759815
2446319615067 1084346193406
-728711901619 2822616410688
2972742308429 190422
1267893996714 2541508719691
-1947700786604 104558970447
-301721856268 -1596947096007
9128054163531 8694449284649
2440582803584 595450745751
2890703184932 835283474595
-3512155478300 -292884929565
2458012576730 1159181825463
6698094002513 6729048082849
-1067917279355 2555810291238
2545013520123 -513861288200
2709295276235 -844448176152
954637962189 -2855545696738
726758005855 2834647828902
-1136219904642 -2603456632655
2526761692874 -1254667030533
2906201285769 9624111381541
-3330193914813 -294047421508
3589064220732 27688607837
3408877218340 -379543103187
2715432159871 -815830983048
46578924806 3201245933859
2399847230026 847288375755
-595139934176 2628517827945
933338229217 4181757454310
-2571353925879 460394070596
-979597187580 2825845230473
2329347095872 845725110327
4051165899886 1609576824605
1001841051668 2552849177787
1205869659677 2540722701030
9723975294337 9922069696077
2053210688312 -1118854287
2895004016884 6835616686201
-3757506010219 -30982475724
-195333457451 -1663976254860
-3414826333702 376965450939
-1059070292966 2541909407463
1695422183907 -359134657228
3230156266273 6970853226457
-1255844660930 -2555792180439
3083012651954 1814381135157
4224394332388 6721618458825
-2403537166741 1129418386956
-2826945189621 983141734030
-2059222986763 34852886874
2419438522564 -553136016273
2611054008643 3632226145971
-1669303118200 -376558328493
-3780991446164 -31768991043
1563889163969 2980493424581
3281126136790 250143371613
-2106332108069 -11627926884
136634139537 3301250348655
1328116540139 5601689239389
-1206805259258 -2540530171947
640433925760 2542387174101
4681951198613 9194804744577
238661913024 1600520131319
8476080972545 8248715327299
-2033793201577 -386827758
269674799751 -1631302850324
9983203486401 5495648484966
4691349104005 6253798535287
-795161608114 2826992791179
853683727721 -2885896795500
3498235612401 313412015096
-1064566054180 -2552714310777
9591082740505 7818493671591
-3225876247054 19190937
370190559823 3600756581921
1414022064712 -52171267473
-1483706554311 3524991812
9258086863151 8518493365087
-899577529256 2262324672117
1764274073597 -283837507476
-2151844212139 814702232970
946540988737 2845211111118
682771725705 1252121141625
1854088928965 7824123192081
3321959572255 1516026003753
-2829150213422 -711301898673
-646225772330 2572773373773
-2842729235148 -941817612221
-3656779405490 125509897521
753224574026 2863439354475
7858228843633 4238476777205
3271167936383 -281250798210
1656039153393 8789088210742
8576231820791 8818119224425
-2976049815706 10423657371
1721715947778 -198662802155
-3689792707749 94304618774
4375988742041 4559196301857
-2736559685866 -814759993755
8748248414183 5825036784641
507384440274 -2541822866657
8956477208049 1339698141263
-3265968235493 272265747822
-3724180139675 -2309928840
3698706080488 104789949651
2124366002557 850820037390
-3289493414595 -251047945432
477684325895 2511932500836
1122549682975 2417503848444
-2252451731168 721076077071
4487281950913 4532147303413
5535170539593 5969087430889
3015233535489 8120262431553
4493673714809 8721441232947
7664147666561 2911726796625
-2813631235365 726413404454
350862111005 -3389498689176
-511126770362 2538420497055
1426546225832 64054052937
336701626891 -1694449148328
1928278800257 1559248146
-2189271081936 846265025645
132110631886 1411145895717
7532786521201 4868191304385
2680159757617 5127563386561
2075435297168 -20793734775
-2094610026635 -8030694
-3465435563323 283481786664
-1866890542584 14525945
8014188975081 3527607698585
6382061970284 7045902271231
3313533600011 282037451112
-3263748366001 290910350682
-3438722499950 282300633351
2384890334067 -852707003552
2425470741009 6524525944815
9873722132107 4199745929681
2056961372815 30175810716
231632466008 -1698173933571
6103924174353 6516930880145
1578618644806 -278984210385
-1427690367559 -62905548534
4644853655449 3010337964051
-2031263712729 172432472
3279003118621 282459652164
-2907663022619 883322021508
2434812777931 458826183169
-436510575524 2552283173151
-63431039579 -3113700121980
6388173805368 2473003819419
1160327858918 -2629135880793
-87675322446 -3641408229065
2267995574273 2317290398547
-2213194757221 -941387681586
8864760404161 4697405108852
3343363577418 -187124096197
1521576126998 -31782656235
2401678934518 1129593723363
-2555469521336 1068008279157
8325987314189 2149526148549
7484219390089 3839025004161
-2273155054005 -973970323480
3547910877094 10449722211
7404678571617 1537316225857
6076646668561 3658054349799
1368862432445 2747016631849
2409363809099 1128353574540
4032208853993 7208259446575
65017136945 5733086979113
3268137030252 292550298859
2138576120394 858305374595
2505217971081 4075096915963
-2334015498403 -850776103104
2801367290481 753141166190
-2368142722929 815912247502
7023071116618 1802520017909
1457083648625 95465522160
5643783280477 8119833243138
1472816006545 -10464958818
1445808059444 104871203991
-2444197469502 523909420579
-361339025438 1726372115991
2127270435739 -845992372464
706279114575 -2259350198480
-3791214768200 -401779791
9476574994440 2795783719509
-243388644950 -1600448348709
719780607994 2834640926757
2228038422812 768556219431
2067764915732 -20150648307
-2197255174388 834503742057
1157518806050 2623998788289
-2364532694908 -820554470829
-8356355982 -3797124031267
-953918092319 2855690781858
-370241054043 3420506624606
-3401330404796 153433373577
1303910135749 -32973912726
-795738571247 2256078647700
-2648842619014 1098868059051
9618814666645 6212133138225
3892444927169 6344741283368
-3503509064252 -278943276747
3130491123754 -94199019525
749435391676 2802212022855
-451952123001 2541466146626
-3713073355806 91947805073
3023865945487 28037771076
-1851108060303 -15285839432
2174026668457 819409746060
-918701301116 -2824357009779
9444991537855 7946176544625
-567734403994 2677851999099
-2639863401286 -584529830127
28238852993 6541969444845
3136010335669 -104609849622
1766296398479 279058015494
2961248254646 -850775155461
2605166360206 -1137854133603
3032184185761 -3869951166
3538235623732 13437
-380156478535 3348862711536
5410864744385 1680228030427
-2692712647708 847245188799
62367345387 -1982903978770
3369636883052 -191816720205
-74988407079 -3106705592752
462141483891 32732383599
3513914317553 3748218517069
8774938047161 1984611248515
682927348943 6544215822461
3485439979209 240977160220
2641183354489 2402669338988
-2427992948034 1125969539803
4973600434161 8031072721121
3422183662384 202238219799
5475565447763 5805275675841
252034811157 1586888558126
8012065017331 7828335053173
3322543023171 291856925842
8370032999457 4978501785477
347362696854 1704651747383
8649459765721 3946957375513
-79742783309 1442366684982
2002305987225 94191133180
3724706199794 -3343119417
4634839649601 8218869570199
3710021833563 8409083715389
4244743288251 496393580573
8106456028001 9391420069665
116291527406 3667709357481
1462807196217 1485515575273
-2826427313262 899977854995
-324260483684 -3297637170369
-2263424137393 775266838758
3455497409476 272744306145
415250567368 -1695610339461
2059982798713 6406439421853
-2477702605967 571874094150
1465639589398 -4008147705
-29772421872 -2064051653689
-1399797553685 125665897770
279546093870 -3441438731789
2084132896325 -31381059336
1320577955423 20964810174
-2716223266590 -880391596859
-3111009543330 -135855508103
2416742703297 -572905599748
3390191482144 -170407680795
-3356207752809 174515406202
3629625700189 91392814188
2986719734785 9150357305447
-3429556275790 191729036919
-705331097461 -2542253052648
-3716242869831 -94141580156
-1266469379724 -2545438193641
8160448516641 8227830197837
2498147035201 4452355763769
869651864935 2726665408044
2561615943150 -473987406275
1492783134842 -30349532871
2374903384673 853376069533
7494929334725 8881427515348
3651685525654 -91000742193
4147920899241 4075359815340
4998682350639 9892922262963
6494373705837 5558525004897
575537498005 -2602317694680
3687464671091 94243708020
825000246459 2357064654464
-3766280678233 39531224178
3540702822673 4196499037441
-2611365847903 -1128555864894
-1313939064867 -40680038530
3170253746364 -7145226685
-2954410480815 837083328454
67985357498 3096260800053
-1347238601337 -10835207326
3131461432833 95171349664
5245073310017 6257239256269
-3342271605108 188385773327
1192095932731 2533830964722
1513805154837 -32542260976
708003178453 -2257889952408
-3132050054169 94189407724
2508955172775 463914531896
-463780769088 2572617629233
-1499673016034 -32413588557
2356437157126 889091758755
1366072799665 94020179220
2595862545700 -568394138799
9946073884217 3298899354657
612488292249 9300012336699
-3553402898117 -1334430522
7659167147969 8156978624049
885037048055 -2353565084826
-3635212900188 83538801143
-461176476078 -2514014755111
3102638102549 -135970119048
-2955187151531 847164470628
-2542006692319 -508338553086
1061294990515 2542296314502
8551023247323 1021599790241
-3096480601547 -58093958316
619065301091 2541994970958
1099573960884 2649568724029
7605582364897 3025328508954
8838855995817 8753492433199
-2276320479028 -942595644069
9810387472221 1408457874837
3204521380206 21709980853
-3753637112711 -27908606628
-3440140832539 -285526616196
608228609987 2451338554482
-1635548473034 273088491333
553793257678 -2601155567943
3340808232986 283575147345
2330080351991 847347605880
2863127578556 942606850491
1187211081367 -2541865493796
3677091132881 7389812529653
764301088617 -2796414834680
5934121212957 217171081433
4498289245697 1572539744485
-1720302619042 -188669152641
350586202545 4282260450079
-1798799067249 248824415222
1330796671244 -31940608929
-2014682700333 -94141409444
240945626721 8854636512545
3516624456372 6246940802113
3481988958745 243730531872
5411804647729 877004122266
-2293978146959 762315967674
158028962668 1680872470623
-467072316819 -2500794349610
-459729771530 -2505791154141
4727922762311 7416319594881
2710025309515 8071087944884
664574787802 -2510440193343
-1011013329296 2543415746715
1905020588053 -3878909106
6863705674109 6618333651929
-3670457385490 -111318660855
-480034967085 2507558118772
-1612311016892 317326144005
1443383428881 4953532540673
7056849078603 1516927884281
1396130090977 -94202337264
198968971633 1667830846032
736770854651 6093384778569
3411047686351 379671331428
3500490060048 -283548812383
452882634242 2542855902903
-1895770642238 -30936072201
5836990198319 7607026687425
3408509030510 373004797347
1464916966522 4663451637
4989805814057 1603601791649
-2864209823911 -753061088976
2791702102231 -766561892910
1646701011198 -282429535027
1388628630725 -94104917334
-2121281319011 847675792926
1427805934481 125524216584
1986500992960 -59276574843
3194733453157 31510257594
1351827565274 -10116156123
1503346103227 6076375696609
2923218348161 7985160358385
3300266231515 -251034836556
-1159713119364 -2649956321879
-2456010973048 596626135137
-1240133979722 2541574264311
-3380609061735 219538874152
-2099830702282 -10287993537
-2095389552663 -1537084868
3427110078524 189276411099
-824731324902 2168770332449
1185546304085 -2541205249434
1821695995150 275335855371
592350201330 -2456843244317
2213007040063 -941948350854
7328906717523 8484893916652
-318220410326 1778305393629
8741184157057 2625188536497
2988591117613 4901357826937
4798727220133 1785028892999
2097584042099 10446555744
-599673212544 2459086747741
9477489906465 3972057017014
1544470881897 1535357836
-333828654383 1698039556974
-2599040899233 -564857577814
4624726304010 9474409075217
-3114092113520 -126615221199
2957186469889 5507500687697
3159686866843 509751303008
812345303137 8879256513475
1566290778062 -272098303857
4455272334449 2828367428685
3925679680865 3401970121949
1107723863356 2450836203489
3684641286160 -125573190135
-647178300282 2513974910185
1495659314309 -28688070276
-329541571876 -1694578283631
-1204961691083 -2541856393602
-3804686181768 -19602001
1929899686122 3182033
101885666305 799473686195
-1193867211634 -2534894404731
-3179296829678 3514268349
4177290109709 635289138945
-3245268906431 1847208
289010752472 -1756247698971
-854334305025 2762311216222
-2710711842355 -843801845286
3271407298605 7538826813263
6105858281999 6173780536825
4687290880907 4600904963189
7776493947413 1298531581011
3233204727102 13947327887
752438176334 2242003963449
-2500571530762 1037903740263
5672152557706 8299394688571
54972641908 -1977126330567
-723469298899 -2817321596910
3553524303519 -1161570860
-301679894852 -1596903972729
2569610101095 -1214219397136
1188871719803 -2553918760032
-780364105728 2813830233229
3283632148234 254495401083
-3173953328898 10073101195
-3664962820499 -124233546096
7949894121857 8277707940827
-665380579578 2510484884389
1775231512047 -314968133642
-1158825346590 2457924692237
1594629715265 6585597736657
6353377105185 5665738859105
2061787806216 -34351812583
-3745586270908 3589411569
3023251079972 -29071358325
-2648207826230 -1157617224261
-3509327545707 282424911220
-397261101200 1696901911677
-3394534130464 408063958353
3665749926783 -125007655186
2861177474516 753147022995
845710651361 1308526194559
-188251943182 -3343180538997
573725065777 5417145751009
2218124905683 -946128578320
4571772539531 6971695418968
476007847840 2510427378927
-1359089194725 -3314401088
-1039967453699 2583731706144
-1424090094731 -122039048112
433775939944 2541923465985
-3237814043992 43124727
8639856249777 2908654974337
3510042676397 -292583759982
2056850904474 -32414012543
1329319766243 27908551134
-1926572384157 -4783186
7963794101705 774482362449
3086079439145 3471958066497
1008942163041 6382098357757
-1088962931791 2444624683080
-2246609218772 722300063427
-2093582030760 -3370694069
2355618837734 826362608361
-1977448158369 -78001190138
-1658988434171 -177696864288
9417572517845 6391180992455
1945692946533 79422812144
3393799840243 -397206626556
-3612024378502 -11622820167
241028242993 4306514598306
1029733669934 2510747849595
2670704936488 -555959561973
3358124581954 -173033641719
8892299309146 6961144475559
877331316025 2904089599434
-1659580125455 -199490215986
7181860396065 5213740682209
1458081399987 -94128832138
5896277037337 3585048766971
-2628104313587 533482450614
3414200531369 7372992755521
-1370253721833 -99052786384
-1773042211960 313808999499
2796685449197 953054234226
-1970452690802 61470249657
8591069595976 5133808879885
7641148784465 2166142505033
-632926282764 2541824376175
-1080419404773 2543026436362
2252654809529 -972036441468
8748211185825 565297494017
-2350651943841 -869350810778
-613225185209 2542900478478
5982949831773 6620487600899
6743864284001 6629912856065
2293401507954 -930909768299
3381743365391 9328139723561
-3179467978463 -4634874000
-2698452289274 -834503319963
2099835645266 10551204315
7573455580017 6450144858569
-1393741602219 93755699234
2871041922729 941465465618
66726698807 -3680897832054
849396045693 2332649736172
-3766712684603 -45702312264
4541849676835 1187532071825
-682532606148 2541861583219
2552977701465 7705171638273
3522948661451 -282011273622
2326846587265 2772088819977
1056314515292 2546900543523
-1333107182568 -30835742129
2736197322156 878667818611
1610300396660 -247561758315
4063213684913 214480837820
3461957112082 -279976041783
352074576627 3313604979493
-633560901251 2541529425942
7198110509647 2183339512991
-2385327623896 855252255039
1129062265846 -2653484210919
2868492764754 -941173488967
4250273186481 8339816660559
1923813203887 -3439191012
7287615840641 329734249281
2286571372453 -742603780038
1271784337304 -38263761
-833349447886 -2762222740605
6156725936718 3503534523473
3475841037301 7197260605908
3474389977567 -254434237182
-2716335441892 877832591883
-994129629395 -2544362595252
1025309734028 -2575571227161
3705407416314 -104947386995
850699030639 9448126657345
1943754732607 -104603513238
-814191146958 2172253866211
1740297059046 -189375398095
-1136239580112 -2603465705521
3618387028975 -3531445344
-1730620389512 -365815817433
7927155452428 9208525301041
780413699048 2813793383043
742063177865 -2859164252748
771007361341 2179812086161
-2705249419193 -846083180736
5733637431281 4126587007401
5722835769537 1836417976441
-1743305847052 -281663197731
-641057336595 2540647758722
-1076973544387 2544065996496
-400682602145 3388006315044
-3076438573882 -107701472199
2651578549426 596235528933
6772332449471 1614191573321
1449062303949 -94101792280
970262717396 -2834755726851
2127941903465 847671399786
871673624686 -2163614887335
-528301221396 -2625505314173
1358235373611 3357635408
2374474469448 -845221901005
2962199922003 -847116420370
9764123097825 2398950400575
-1870870982881 -34954461576
2334246077313 2607731018301
7607035865745 168748583962
1272673883253 1736231806
-2532961576318 1007608245327
2553808010442 -631107935245
-1060688768887 -2541865059246
-1273008760838 1033102353
5955294874430 8374768333829
55869480741 1413713368828
-2796933501305 -741560551134
5680209756210 6284565345513
-3371388645236 -375277061385
2661914383182 1129589006467
-1449626731353 94146391552
-770243133073 2258145342936
4275899765145 6354159872769
1213081022908 -2570924189289
3552816903572 1143127431
-1318321057717 44170760190
-3189922320977 33705641622
5590024180932 7915145904333
1049732523775 -2572097026674
