1400
1966698449729 6316449712673
3288752450714 -313681219731
-2646563836272 -598177208033
6853233767739 215301268393
3275385573079 286275036972
-1919842736629 9570312
9938179384862 5960531436589
2260346661997 728709655104
1425999531265 585871670747
1789134561907 263699392698
4105418355529 3919175857066
2598947032475 1129364149338
3266808397004 291727588851
2569171491234 669465793717
1312380297536 -31765114305
8499934128902 2025530975677
-3546120506388 -6069134935
9364994382753 506137457545
-3442247908412 -285830226711
101561867797 -3639173002146
236454810783 -3483331068844
-1423844198094 66641285195
383672379553 3422143104192
-3665007136410 -124273766537
-2151911818181 -877492526562
2953090331961 9090670086257
-3162705769758 1549878085
3458971378456 281670979833
3271712609203 3471122347349
833375704594 -2888479620873
9463122597265 9229461119757
-2566624238827 -1036851449796
2704860809170 847331649495
-56803862765 -3107069275716
-1701797355929 -344072196162
1031389162967 -2583705601620
1479337808917 10445833458
6878151052129 1129825820473
2003072681491 94100073030
3433342548841 -188802384678
6842810593377 5592938661533
2820370778513 5921966457491
1008566607175 -2531448626742
-80882384588 -3640188558909
3464074093641 -285871692770
7713322908257 1031404115863
-2626160691102 536965937423
-454899608326 2541866006283
-3133408512002 104329124037
252869159060 3472885802433
-2093849526960 -6437003
7023120754407 4442707011229
-3230648213445 13818529174
2228985410328 934458271925
3586073215844 -31338012969
-2688722740986 -842767115977
3715114472811 90701094920
3115387592273 5107298014081
1394971758377 92926711752
-1081952543168 -2541430573773
-657362073621 2524419207874
-3545151290513 -7003860834
-1811287355008 -285916379085
-2406497067124 561377090457
-268937502233 3325231708254
2867840445471 -937945001926
-93827121182 -1993272097665
636341629000 -2538379273563
-68988298554 -3671717974657
1361972544719 -465750
-2098828157161 11632200462
-2654517222891 -1130115131948
1866653345502 -518148389
851985101061 -2771751261758
3311030798337 5906486464636
-3397165776540 219250236109
3244562879853 4486814793713
1749490352093 -282433256460
1855699468066 10341489777
1026417038996 2506566981213
2983945979794 10591618167
4928141447369 1780092015675
-351175513681 1694207374968
3734360072115 -8698566968
-2581464437802 -1223457942107
5791998927905 106786520289
3236952857044 -10202230611
-3559916108868 -791336771
-1305101585944 30950211135
-2221349170670 -754266181125
-2753344592442 847545829711
6770030744513 8961598704209
2162745858952 868209466863
3422033614874 -181183767039
-3402320672662 156977033589
-4489454569 1861550069886
2357915644835 889130022168
6655129536947 2508235087015
-303425013911 3300048316494
-474458262904 -2582573863629
2425085431186 1126218790755
-884707092053 -2918438550276
947632389724 -2228217853431
-890832984040 -2726663275815
4726198321745 6733632109417
1993902649825 5638565707201
-3661494465848 -129996320985
3765216695673 -37221058432
4532849785533 840886663013
-1580410259049 278885356352
-1678009030641 188274016384
-3679941700008 62747771123
2776799360700 -846896258297
2261147242048 -798474139551
-3526878897684 278942929223
-88053764566 3640158217089
2898652231512 851038437461
4408063951979 8219438911681
3235209607668 11578561901
4057469820353 2659094640536
-1412636092240 77868566469
-2003968491965 83679112092
-111155111336 1978298036739
2852621681762 -741402823041
1212047274635 2507387556570
-3701084191213 -83816923482
8451133666653 9349394413525
-2915941824564 -867814671619
4506232839269 4157101424045
3632295503297 94138388316
-3184296182196 9327547
-2267730080013 -721380657484
-1342115599775 1174543488
-573053420423 -2604106796382
5038574926689 6886100191649
-187704590989 1718985181842
-3055773911693 3869421408
540180810934 2448837612639
3150581299077 94142660518
2830239595460 -909720547065
5732963670886 4586076839949
2218549908709 749658291924
2023185925125 -94141578892
3485223383763 -240502516228
7365930347553 2700269124273
1917322600759 -11536521282
1065118120549 2552330922948
1803922689996 -250675385603
-607689460458 2450831409481
1854329233281 281172620801
-3369518603703 380390115058
3471207285815 310309285128
2225446690370 -951892654689
727352928835 -2259436120992
2704904374878 847288095487
-3112540432960 63248153805
2372213962801 5940504627601
456050849103 2510358994604
2370401951565 847290203038
1887066887343 41717057840
1515555496972 34608737343
9217530096055 7680664994281
3921373427585 657610074327
6633799409585 598090168161
2330586715757 4970684609505
-119814152808 3106343857843
2250860018999 910181443374
3468551188688 313680005943
2534720323244 7402746086401
5835486815645 4204809904285
-2710781546348 -850965117309
2071420834277 39554615466
741111120244 2796273467097
-3615151747088 52612659
-2083896714551 30881012994
399248154054 -3389152668491
-2940045997237 -843782714712
3110358799293 1253409182889
2962564748587 -847790270058
9388137506817 6979221811077
394475229752 -3390332119965
4836168261431 7855990996304
-1844261806913 -1204901274
2511205705889 2114595428097
-3592351090489 -31386413466
2974463287232 1161742905
1641419361316 -278930694903
4509336343137 143726851561
722895070817 4147347349409
-548994279994 -2447548877691
-1056357183199 -2543757762366
-2866189693923 750564240626
1771143794782 -281606859279
-1056679764466 2544577772535
505522236804 -2552970287699
-875629178017 2153546644158
-3493592103216 309533886235
1290014287116 9683914933
-2609764908001 -1140172498296
-1870447760207 -31210447152
-3296266920949 -299476038708
456865256708 -2511259611807
-1552389092236 73751439
-2193419002089 837995300684
1883390955730 46447355097
-3082075205642 92942124357
-3184589875642 487272339
150433396574 3390366239865
6125908213573 1320588922881
1940319150064 3428016361811
3179460562059 4644499258
-1486662594244 -3926699451
-1532498398193 10503025740
9582252154669 5388313518017
1544839550352 1162082131
-585694023160 2630983635441
2075377316397 41968938968
-1126403018814 2614330748737
2508378696142 -1234335614265
712616452521 2256293881376
1613478078465 3196796816745
327221909877 -3296129407624
-615925725060 2544960229973
900488783884 -2827723164993
-527991643317 2447850175660
1859991605737 179016858
-666376196531 -2509499948796
1814260799759 282684601674
399119862593 4174568059265
-2512479451665 1046161842616
924584102873 9158915407529
2237178784257 6354544825537
3435078200541 188300739286
2067984775602 -22082970155
3876099372208 8101696598641
1232575000971 2573246806948
9148709822124 5168076005081
-1776892204651 -247563818262
3059035620205 -501660630
469390916289 5237136573523
944364604726 2781306098733
36677854618 -3765703408785
-2202464158165 847589779158
-3226023578994 -133923133
3263197449952 269496333609
-1844560796975 1418927790
7007821025569 2786253281432
1946901221198 86743236705
700303155535 2537214477198
-2067314840971 -19901927232
-2715823324366 -817227589959
7022285894673 8051479734837
-1063031426476 -2551034776977
-531343250880 -2625935365853
5711394829569 9330231315287
-1344750948362 9982942083
1655962094007 -187157576806
-1480413180962 -13815279
7628390958593 4608594301489
1796002825326 312648335999
1820340414137 288285012198
3118825952114 -59258866383
2519307023890 1220393739537
-2321453270688 -840448797589
7302245839472 5362905905689
2101567569153 6978183616
8825992771857 9177193191707
-3662757469540 -59256254685
2598552875517 564918021118
573586223764 -2419828945101
6716253072182 5312590954929
-813824878548 -2154880763495
5883352208981 8767496530125
2336977740694 -847413852129
-2790123931668 -951892138279
-2655561856940 -1133206167435
3358231331758 -382379181381
2150817799396 877464189459
8932989135465 6209548497137
3193841473218 -33058285231
1756618236541 8957918049661
-2710088662608 -850789565849
3795026772081 1123623060137
-2503590138235 1223072135052
2394605839277 -850631983506
-79075803677 -1945376808894
3165851096918 11192094975
6919716023793 1358708864533
-2185812347583 852103450808
-2842841306843 -940915247370
2281993731090 937954572079
1210698215151 8102044168321
1408529248431 -53794111384
1961723945817 -125921159222
-2021108188776 93626683811
-1440319548550 105720575085
6155926121835 1371885258715
1730789646812 199135896339
1909230845427 10331248306
5007080540065 5744071114497
-271094970785 -3322900888722
2356409589117 -826324259318
827043247761 2733643727110
-3286584355444 -251050121487
2154205006265 5084510220650
-1735082407688 -373463292645
6762662933513 4823543492617
818486791472 -2343061653957
-69688463124 3106094966477
-1607839234689 252091170622
7609726850681 6913316717633
3069012112658 94114487679
2910705248039 816000008148
7989512432679 960443737201
-1311053084531 -32285614470
-2106280663198 -11653392321
1170066936121 -2639621808774
2312255584735 849646606608
-683515605682 -2541092581443
-643949192364 2572725403621
9918163193669 3977344841281
474303929954 -2500804046511
-1090255952358 -2447980746095
276017296923 -3453087872468
4470689669979 2757481034103
-2179828067801 815913750708
289014811989 -3450649127786
-2114928629576 75379083
-1996890043855 90212993046
1151864606750 2640012351651
8392826587043 2008093776337
6097874587111 7081177109137
4463603333569 7258226107401
-2242674162980 753145625019
1087310801823 -2633669448616
-327404455856 3293979730023
-300418533236 3484476350559
1113257968757 2636391642486
3735434044465 6813062560903
-1544374943049 -1200348314
-3647386626915 -95321383444
2586295800486 658973553007
-3601865086179 947086912
1405911932491 -62876982618
-2929361284310 -883318004217
498976439789 -2551336106940
-2143784876385 850781793160
481057331548 2575139369751
4013129325249 1252020142525
2042750504132 -9255596151
6838353979025 9661901526225
-3312713344587 281308721500
3617942706520 3086609571
4313838319410 4138020856593
5709665662569 3057111010593
411089598910 3377416498221
-1040366363450 2520596136015
1551020951742 8279785937373
-1017321600082 2541975120711
-3780267173570 -31383127053
3173427080346 9298269305
7610744583625 5539181948537
132797375909 -1411003961202
397794439713 5533317971665
-721297798420 -2251314986175
2768277291191 -848448008934
5246980564372 130552135809
-2972268190808 3357762087
2824377655678 771340022073
2992277189288 -3491593641
-3732237131234 10439565687
1639878426229 282810598632
7338795184353 9074190494793
849134551215 -2876581188568
1076041165369 2538359964630
-132339178300 -3108280960251
1645131299566 -282383329545
2798686151575 941704417512
4511062132025 8671695069489
-867690097532 -2358285699957
-393039336311 -1694577032268
-3680260295432 62763417315
-1792392092385 -241367393294
3072151959307 105780850992
-583326532576 2448078157533
-855531911379 -2385347976298
1140331947145 -2420601616782
3500181445301 6150426981193
-1463135788025 3099744372
2642248122613 1161213853176
7556564607067 7150738597329
2734178416993 -804284757930
3862727354701 1139177508367
2080599245936 35255816607
-3564330601926 -31509320597
-3234674646648 10854387049
3505019470488 278808828935
2846605760236 -756627196173
8338593992795 4451081391441
2530856249502 -1190155742695
2274613504677 910438146770
2147620069190 -848409125445
-426940484930 -2541707281839
-3164682373968 10852575229
4363971319809 4052585976785
3315895075369 278283233046
644743988037 2574410199406
1267435849671 2538378336314
1783732419656 -240446208531
-2402890561937 1128598939926
3595547831029 8471740937537
-3343012528629 376456158910
9896973027457 4720620580881
-3002628864712 29011717971
1991891234283 -62761083272
3652638816710 -94030476183
3548748570742 10589497473
7476166693573 3566474668369
2328470678332 -847283236221
9371534307067 7524652844131
1022443897964 2510345531907
-401237715765 -1695707620138
7934702796364 1511803945685
343548576863 -3382180877694
-1221876632635 2500170010668
-337931975128 -1695744326043
2011698706353 -103814458298
-3710975649768 93784397845
7904193704780 6103443516447
-1635823181002 294078902373
2290218450572 -948391182369
526689185916 -2449268132417
-422363445039 3390317184820
364902107675 9677679512507
2858427586951 763490991834
4919771712144 27027919211
-627942783844 -2550001482177
2438159428605 1157555218204
-497487631130 -2551794747333
2568949527550 -648412758405
2481187687380 -1119300242387
1787909888061 -236972389408
2605941659232 1143277567877
-3061358602846 -94802106375
3594199742391 6556544
1860054226257 -141890482
-3689483218888 -95304915495
1607038229766 252297068221
-3806219861519 3877922790
-2971781424058 -3141649557
3143110659809 -83553143076
-559265861669 -2667404357352
-596178199276 2648534559039
-2998603108819 -30735345804
-1868425817485 30218791302
2603824778425 557762681268
-1018452436172 -2540705336151
-2977646085786 -8910652535
-1501492471886 21265335333
-2269123174588 969479651817
-592200629970 -2438410448701
470568785066 -2567866041327
-2191249404074 847106777151
9659314105273 7379590058801
1789400009644 320782577211
-2166818792811 823008309416
2681878173941 -1130878996056
2908272191105 6823829528323
1372323863593 -94128810342
7093949837179 1875444317049
8105821335137 8300404252673
8648463978991 7037182599605
2843867024867 4665056946399
7334965862785 9824181432017
956389118190 -2227667982283
331865839490 3389156189559
-782750960471 2269896526710
1755575572896 -292870580227
2692601386573 847420918812
313584735889 -1773611090898
1406481452517 8894612802603
2008797384180 -109382288977
331388262748 -1693064747289
-751155503757 -2866266980666
-2099388097996 9157612707
-100141521308 1381150679979
-1261056937279 -2542440124782
-2109682318235 790777854
-981620056456 -2255949055251
3959759056689 780880610077
-3228099795620 -10503399759
-3214090065574 31266800529
3036060639588 1593523
433709553579 5569719701693
1640957139435 -285533211212
114066753709 8637842769537
2102216334341 8131226724
-952191681780 2225740865327
-2034687477183 10579907744
641307096783 -2542998835834
1373910123342 -92641385285
-2886374198844 -861223051271
2594176184825 -559650242094
1512221206484 -31035308139
-2710900661205 843761080502
1927102430806 -392181597
2815357243896 780915269653
-721955559775 -2832817552794
1881912929129 17448263382
2280832795134 -939088197697
445292215605 6876024730337
-977045199465 -2834878303468
-1661705290045 174472655928
-1161711194715 -2622060826238
-1832614294637 -282475938564
2636535517443 -546221377984
-1580041570479 277823418578
-1081739493840 -2541993426629
23982048882 -3764419298645
-1467154175767 86095638
8028329197355 8632602405189
-97992563020 -1392518314197
-2974265773918 -1666093779
2880699839439 -847284062660
2393194834384 846905922261
-132353632127 -3105900702144
1517560522521 4113179931381
9093807082669 98813514783
1688415373998 219553151105
3589560549959 -34909275186
2636396302490 1166726656101
-3290454441011 -323869727862
8280486421345 4892253379673
1657506069371 188717533128
1695289388825 359007872922
-1253263299044 2552216070339
686822968777 9405796162009
-1711954367768 -375155364105
1129856645485 2651852267142
-548224759128 2635879864805
8827794090093 2118021979133
5736173110341 1974218566365
-1256963745152 -2527936109937
2103993431073 6983311858
3269761351234 282427765749
692478549621 2531402299598
6009484383521 713350971177
7101572194553 7147986005881
-3274390187640 284735449985
-2311254814328 -851938657689
-2348528597083 -805367823648
-1517180241646 -36177793509
9568520184129 4202294028131
-3629835158077 -96094118346
-716792258131 2248846621416
2936258979975 848259484652
-3693050884943 -89498900616
2074948900224 43003674197
-2843317215727 -941548475970
3730931940829 8915500314
-2964695989614 847288058417
1080402296577 2562982895873
-3769725613456 22141426389
6304073210491 5269983317408
-1305844501878 27850703605
9876470470657 7051784661209
2792977069105 3106766030257
1940819390486 104212745697
-2957228711571 -846009983998
1165891259367 -2436838009960
-2742500556639 815764002280
8043426711109 2099156850449
8747238583193 3405379230669
-913825834533 2250143514614
3633650317182 -95435821493
-3388235500940 -331195271175
-1781229139256 -312710672781
9421106230025 1044400138670
2396919961040 -850646277747
-2070872831047 25611202728
2334459264074 847245674247
2207911511989 850957390956
1571541751931 4198749435998
-1258851397849 -2529884242368
-117016983131 3671761636008
-3735594585933 13571416918
1198704758737 2541995508870
-1607348432021 249364261692
3493967037057 255711338096
2806174752261 -753155153972
2560040663878 -1223730769515
3434241885848 -187167454917
3894861281941 6421569883649
3189802219299 -27879980882
8050970952750 7283987213525
1906527947098 -128549619
-86998542543 3703720907716
48621910109 1976231437542
-2275382926950 -753276688271
6879293315457 7214628408335
-1941169252424 83295404703
1172978953528 2444298220845
2387959492497 2317867906237
3728563763732 -522938649
-377779522340 3406348673001
4554085009713 8469347807603
3621798469261 385808700
-1066920013855 -2557247874240
2515892464897 6428482184841
282822846586 3339363908673
3620350792067 -3099366846
-2386972574517 -836827586288
8170494641825 2790304375107
-3433299272198 -377132375193
3137981663466 108920239511
451198570062 2545309507771
321065957762 2904052056017
3745333587394 -2367392289
2565615591615 1035613298618
-1886246217798 41066803657
-2833060807041 976252334030
-1640273995552 -282558478995
-2333353698670 -850760569593
7991064267627 3476455313013
3330924429185 4501595033568
3282331662296 -251437156989
833678188167 2950852732964
878340480262 2912761139535
683611235841 -2540700561898
1891987204047 7827828047353
1207586868705 2542353699830
-2767593269401 847246757796
-440179217411 2548834442874
-414780370322 3390661062063
-114723687386 3666821560785
3336667487285 3919064708641
411011501772 3400667617067
1020179699398 -2573251496259
2563586468647 -1038932624772
-2776226011270 847421174421
1547707166831 2182453956
8892246032743 3314486021665
-1517277608271 36071557886
1368875013288 -90613172771
4106410835017 4523064097363
3299129963740 303390283947
1310335993364 31395982239
7193906397041 6574811515588
273271179175 -1572195568230
-888639394146 -2160644067127
3647037413115 -93323755928
2482530704340 552978177913
-2517825690687 1225195753420
1199542306299 -2540306586986
2550902662242 631079810293
-3309085187615 -250240156650
343566226761 -3382179273082
-107726513394 1944594195427
-1455836885303 94156818426
-740010860413 2227942253754
332541952510 -1694132324037
1354926568869 -38204458
-3550759509574 -9943812231
510730070512 -2541906748557
6542768212249 355610747257
2789745997274 743847341079
-51764932713 1416753867682
-2692293286 3744721709667
9572738859107 9183467242489
2679372173109 1126095870556
-3495832514023 -313767609210
5811208908323 6640911283133
4919932567401 1165112526393
-905919049231 -2249038123740
-455448251551 2510094179196
-2708069017471 -844352988426
1985240185513 125136857556
-247182805550 -3471760917729
-813305540533 2363997662172
-1711866958247 375072397578
272389618873 6974257624173
1479922844873 2174917734071
-411161805118 -3379812767661
956333669873 3944892112919
3018354416255 31652133156
-1959724773132 94917821507
8277907146973 4096646990017
3594549438289 2888664552797
2477613597913 1136816268666
-3623477596520 1535247
7231042558225 4868583436417
-1504108401690 20580662107
-2089190575233 -15982762
-2089115178137 1208525316
765034692097 2796444129708
729357140421 2259431330306
3096713177620 65215782639
1530177902654 1219695615
2638765452369 4629682995205
3827453559273 4098311670210
2474350909677 -575706295042
892527826533 2354368678750
1976159679750 -76705883815
-326435390621 1600051425816
-1729762257976 -176668171407
3636219313448 105810605115
2991211154325 4779251914
5065952375045 5911227741585
-2420182954596 -1139143802455
-79202811151 -3703367510400
1966063166636 2060899645053
9864235356757 6203311397938
743127116452 2790460628955
1423678841383 4456673426105
7269747545299 5442735691777
3626496534730 -93024613647
4789399662257 9261670980657
2569834997506 -1211850590451
-2387658391663 -857924337204
-2638441311912 1151069327077
2072734399734 -45457357283
-2153837842440 812823405011
627092525793 9497544672309
2532220149416 1258872244335
-3335716552229 -278684478516
728435243233 -2258284127838
-2987630145405 -1157459218
-282256837834 1561325174829
-1811677712401 -282434299872
-175613485332 3420105028091
8768454971769 4684314816631
-3465080303282 282601546467
-2665478663190 -1140049829129
-3017152313546 -41454057933
3497452690571 252210738594
4084448529041 6400951968695
3213545813275 30993638418
9540827942235 9717957890575
2616030629951 -1126215770292
-1778847720698 310317430023
2961582027575 844232108544
-864592045998 -2919266531549
-373919042914 -3347188726815
604927457393 -2636008475796
1329397373455 34874693694
-2056687915947 32490351964
-1921678768684 -1167628317
9916282196685 3905617959201
-1070357941942 2529865300059
-883321417800 -2175208383337
4499151193715 3613603431269
294342512256 3260142831757
2873679908105 4785555278721
-2597428488213 1130880170446
-244738793981 3483340650918
2781343018396 937686723549
3231836642287 -5682158214
2371061884127 -846397380672
-3602420057860 -1167211341
1242309561243 2541436896122
-530325420123 2647758989276
3239544032866 -1162329045
5856712536881 1264043778017
-384411965361 -3420551092904
-2598215509214 -1128565098375
6111564082945 955111376602
7271919098989 726611309441
2163590533377 8511744430957
-3584791624293 -30306289070
-58386318064 -3682081174113
-388003284612 1659323496145
1414340507721 9071807552449
-1375446865164 -94143003895
1438531961617 -83797046346
1330760586026 30858647283
2921645437811 887967794292
9525895185133 5275469701697
1662914317708 196420624383
-3168840571247 -6951256920
624827719586 -2552310764253
1453727561437 96525433914
234428329267 1694719109340
512151639537 4911401335625
1250307389145 2073277696897
2068636624130 21312931725
6019479789815 4781081006371
-205423983834 -1693401669235
2568109022490 648537115625
5472460614101 466812519497
2672465835 3598476353828
1512867199889 30131620056
1191861072091 2534887634010
1489263824870 1336095165
2750620921567 -851808534840
-2824601461165 922850778216
1662521869734 -383543608033
1468805115105 648812
9618718564935 2068448496213
1740631613809 3542145291421
3378885844148 -410667312741
-711104980040 2828939089701
8379600253014 7825090332513
-121676882012 3662151419193
4110314418151 5326785152505
-1272935142630 1184818187
4593497373233 1926939211045
-1292705373478 47840625
604765254593 7675385692593
-2327317186493 -836842408326
-1335195517126 -1124166141
7913290878393 5044769996161
651131264389 -2510456641974
-651285556354 -2573118200751
1388723341024 93741639069
-221827106971 1684504109076
-221396168940 -1680644314999
-742904026996 2797549218027
9342907975025 2628681365081
-2403240032320 1129723092927
-2519394527066 -474269696973
-2010767224791 -83166206570
157804516314 3382207200419
-1544809107135 -774641816
3256296359861 283725364626
3352623444842 366160193991
2209374742879 -847686186120
8779184525753 4869957045249
6013911873137 3245908597313
1148878641450 -2635995535237
-2678498109009 -1133181007582
-1075613466673 2541806838726
699790410799 2544921994608
2602391990202 574946315453
-3225314846707 889789698
3627975057468 -94157685269
129010223072 1421928855963
9301809930401 1101655076736
-2594417013949 567142104204
-1330482757541 31397243436
369887545029 -3356615282930
-233673050160 -1693161643745
3990710954447 8587873023729
1745059940009 282386852790
5095108992147 8034900411425
2825280435275 791096164674
-465497445123 -2500026562420
-637365414532 -2545486535367
-3542629597924 8787914937
7206438154241 3676320035925
-677948465103 -2541980676338
-2438688735668 -1157670011727
-864793895466 -2919206949409
-3258341038027 282372141666
-2766525805797 -836708619808
662567350911 1018693090305
768668664456 2793048279367
1741657263233 6948057999761
2945958222330 835575472643
2063439385948 -31522953633
-584485555214 -2451539399697
-329862386407 1694590504182
-303539303298 1595397573917
262841104374 -1792585213111
-2894215077838 -846513767991
9023137662599 798601513319
-2364381969460 881142464025
9040048410237 9133852272393
-148047416662 -1698192049473
-2482678656176 -1120013297685
-3782418177980 129861873
1308035150056 26731676703
271933351495 3519586002006
4709069517953 9725504115521
2082262157655 27865045486
2170159834062 -889144362413
-1380743313913 -85492560120
1651790291628 9123900816080
8452839112076 1716304152333
-2198898345124 -858130538487
-1600849728682 263710590129
-2448080888588 1173757952199
-3449616224999 -272487333870
-3178375659327 -3357626734
20289070836 -3009048702977
1469256136040 -383755077
-688004413310 2551809127995
-330696260624 3390317169201
759306503601 7702424728001
649759835201 5140318107425
-2690813699307 846886367668
6739940326673 1897782603297
1114723259048 2416000404771
-3661555024127 -65206235358
1106626125112 -2635622708589
1297507576182 -4763836403
9620725528439 1486423566957
-549461805329 -2604632651082
289344189809 -3324708003906
2635437147765 611344866772
-1676560478591 188284841334
4782934730875 4795803107019
617318679784 2543805496395
1858784016296 1296361989
-1530419782602 1119215503
-960067011921 2259162047638
570204473358 -2604628006595
-742353114123 2860191487780
-2892740608238 847709512893
9363581953907 257289645375
1735037557554 191787497551
255948478270 -1590016720455
1675123594206 380073868273
443969441640 -2551859575601
-1521332145694 31768480149
-3530587938037 129316608
2273541037698 -973580762143
191950497024 1654272734257
3730288116993 9827094739242
-3633296788815 92591704898
3501329054508 282416865001
2583678459772 475620740187
-807479816192 -2165292049647
985575150307 2259953390424
503012374057 -2555856012660
3268467596079 293282625308
3086647094249 473860033897
-1223710005387 -2504286572102
6743406398737 4798402380465
-2330574976903 -847330988904
986853417351 -2823520523860
4922012125453 9960077077759
-2533728170280 -627071669063
2796999460450 951908264037
-2341137092679 -816017555720
3359112892872 383174806861
8604345697866 6665438946931
2906838659693 -819652627764
1884370052272 38245734765
-2157388887408 -878674452263
3476850277137 3118471428705
1102938336360 1211289125449
-3689842656558 94286497339
903189423556 2823563570799
7695000483324 1249812477381
-3039272604120 10737765485
-1319126439488 -38110500171
-819844914273 -2906686605016
2560780470739 1223861344434
7962353579752 1823131316929
3111125955479 -135943200408
3395667918788 409120813545
707503662403 -2823128090766
2145581096486 4949962913233
482128808440 -2506982033799
1812690873893 -283707157914
9741330551601 6089006932497
-3239242125897 -601079374
-2551529493663 1195837706060
1352537011185 9257720561051
3626698315060 95171458287
5185389700797 2927660741031
6789767441441 2278632349593
1343166860584 86093445
7831514203014 5565015442608
2946690063314 856711616703
1061055879433 9118447889287
1529050093361 9955576388139
2831690584507 2047216033233
-295711127436 -3326347598705
9279009906505 8388861178627
-1170805116922 2632608377433
-228265380266 -3389154968241
-3236507074923 10302692696
-618711544939 2538570531042
-3487611042565 -240717263670
2742901040506 -878138733159
298857538525 -3482915501754
-3105673086750 77141320613
3070343065 2971779808464
-2692674494499 847293730586
-3349294783220 188176762701
-1970418409176 64086821801
2029588644861 -2324326102
3790709329076 1165386423
-1610324744592 -246398039839
331492848298 1693459598175
1674152527244 -374204660193
1917354558407 -11450604996
-1431430792101 97638977956
2822629548721 2843824110243
3336956359016 280493155737
1716269793525 380217878122
-647099341355 2513971533438
-3019195106864 32677775367
3066186583161 394155611913
-3575432646971 -20927142744
8439527466561 8464807724849
-2923451615232 826240593391
9819056669313 2567139692072
-3574645181281 -41855788014
626416702002 2555535534509
2626511165138 1157617378845
3216952915963 390625992
-3299386532154 -303388336063
-3398077207259 160569034122
335448421244 3392776798377
-636760577046 2544969909871
2879503684473 848450338894
-1796955007783 -250665504750
392982777017 3389500386264
145355679435 2214805490286
3948292565949 4809493047993
3361164074480 177052756815
5064109446931 6995182461473
562715836905 2593778381000
-2246826604440 -973214007103
6133976284603 7620499304065
1411019442441 118290578468
1167677845333 5098967330591
1592522444229 -313809181102
-1379303961537 -108080743528
3351903548053 8398662650485
8060437020907 9723250059923
-769434155437 -2258876885652
-731832504296 2822070109833
2374741257114 -845007185645
2392084146335 848107107558
1009287607653 2531532017540
6668715832729 6595334241806
1609069423601 7244560474797
-1683627337941 224321600386
-792571531775 2824699437936
-2053859739395 -815218002
2504502282489 2150706515841
-308078593909 1789122153276
1553875647760 -282816954789
1841175335713 1939241358
-1820387960487 295220599670
-2135810336668 857635530003
-3349209585990 376457985215
2645494093409 8816036179233
3201553261005 24421781402
-1068976288022 2552341068441
61335973594 1984037702601
-3405683540274 -376625328265
6333293565057 7039707375367
2699920046861 860939400612
2799115755357 753245678222
836350784241 3154646899841
221431365698 1705018433733
3227451150843 10889232664
498583466272 -2529721872957
1813173551130 -284093838487
722161317259 2274374394426
-323723754273 1793374283386
-2002670640717 94530225986
1982878039002 125007847453
-2760319376216 -833857831281
146033929861 3391606506510
-3546996961438 -13949238837
-1725824936962 -202977846537
5771251359593 3445888180977
675912838216 -2540732264703
2339995205149 -877638142314
442040007218 -2552397935463
-2327771451075 -847245522680
925719242879 2824316260164
5906312938781 849193418817
9123961153701 1079655644001
156951609809 -3404508469560
-2704316129335 -847332033312
2293425421157 6169592716849
3075661588880 -88327245231
-2953079383962 856586886353
-2486012663168 1128943305699
-731467526547 2820721953574
9279185765568 2087021733902
-2843190848165 753155001648
-3175561184224 56332989
-1308384961312 34867669023
2859988864794 -931099986431
3731172448403 -9298064772
2369270844158 847288965915
4707731410439 942354597257
1299371217781 243921942
-2842140895240 -940138799607
1275239619001 -3531385122
-47719335965 1976617780650
-2841584457581 -942244354914
-1881889001571 -37962247076
4091328129 4177350271785
-640760875341 -2541994902872
2185958778863 842696270514
4287437903375 8789722046123
-1060265084746 -2540701965735
-2393566153426 -847303183509
3409701447744 -371754671449
-685515237557 -2531390949540
9630602512377 6249710777200
-1428751613882 -94267563327
504550774756 -2531757221349
-299918521793 -1599534901044
3549240913824 -9310964657
-475145956385 -2562772008846
-2150485914909 878679294056
-1930149637319 -94057793514
3050822121771 -811333718
3336960411760 285184526625
-1912396697981 10446551772
-2299237771769 941427007962
1508776844980 42228826731
3488902138663 -313810398288
3661271338800 60008835041
-2643403165219 -1097305566204
3159972578562 -3477021553
4895608049681 6102475997187
2718608190626 -881768855817
1334723445409 4360682137163
1004545079594 -2535939710079
5121835854657 9219382305157
-2256715738149 711476205650
7590772354833 6115674447109
873211242565 -2165422352316
3824628562662 9894912194113
6591218325937 8042986679419
461249515429 -2514373407864
489671544094 2541733498899
8649662783221 8015054468705
1740052500253 377304491340
3754659176162 -34884358383
840968977429 7397919205995
2911518121913 3436012519153
237173703805 -1790266713882
6947764384233 2960956497637
-361570308333 -1662809349718
-2924095941115 878282247744
1083867695340 -2446617724129
-490565437966 2544948719751
3365246210798 375454013085
1130336528049 2493056154568
-2042169547795 -10071403974
-2478087814075 551256309252
-1727643710479 369570999978
-768066930568 2793307060023
1039131552330 -2520175024553
215019797992 1684599335613
2932686915807 -817061310674
4818149281907 2696990707053
-3010935907683 38356069660
3111044013953 8451496472699
-2034540309104 -10458756663
371191681654 1663055268363
5663323262833 1948404111679
659603510078 -2566291854015
-2457654663030 1156407289325
-2171907328866 -814622529871
-1179368992686 -2541994967033
8117926729609 9095516942813
-1910535169029 9298228796
777085199244 2823118911871
3591129414391 -32489620236
-1686294603394 -157250202525
7895054240322 3490202755241
9592477908353 1394642953991
-1988080889211 59274624040
-1664072336181 362620873468
245879087597 -3305500112976
319011283568 -3493757534427
237007460134 3293460967395
-3418658209326 -198617557087
1092259536131 -2636052722370
-1051382839991 2541868019370
9233149456345 5240632183609
1242684079361 7955156644531
8690057473313 6236902253763
7837231904857 2957742267905
-2354688563102 892098415515
2784576218871 753140114990
-3121906639540 -62378044191
3009559349348 22081569657
3122888588552 93712711617
3112576795856 62231146209
7563343509452 2053999595503
-1348295507570 6592349187
705045251856 -2541736924361
8817408879305 749269595153
-3643485459764 84844495953
2336139425423 7512558978524
-1414173532062 135970341065
-1010937252739 -2540706775866
-2172965894354 -878669612919
257219844588 1600558924507
-3771354027040 -31773026547
3494281394950 -316106243955
3152893948775 -94143156960
3034059590050 4663392615
131435929025 7841090101105
-2386297121685 832963373720
6674271815877 6482995620177
-555695687199 2420246085956
-25374730888 1882863451311
-173914535566 -3421812352551
1198487396496 -2541864227039
2031683649009 3539084530513
3784136944720 390075507
-1817525331325 -271940504412
-2831635049893 785861117694
-3760163336971 -31337960160
2428544119321 4446834492879
-3371236244621 187124096400
7621384619116 1964463503765
9878993216291 3374175047025
2971711575142 3097769607
1534241258128 11101271061
3458511585766 -281093434851
2176365148508 819392835465
2990387596515 -3142233460
3522188598552 281308727419
313077090997 -1593569921862
808722584566 -2352402888705
144067364401 6034680266343
1432601733178 -98777679699
-2643073960955 1099124570394
-3388680535940 395148174987
9169980580263 9327928147197
58276734342 -1402074979435
-1527527020174 -2320804305
7075773723267 5886043713146
2143041022490 843429268233
642237060532 2541865859217
208691115127 1692313109910
-2445386915102 -586080378117
2319859895500 -837046645041
-392863703952 -1694876352373
-245290846968 1788461985451
3698909799360 -103442923693
3511583371807 8215605857665
8393779145432 3328203003137
1337013302359 129144564
-939440413170 -2301407536403
9835521820583 2687324594113
119107829348 -1975830142785
258254739632 3293848636353
8358102943845 6336018135185
2796237714837 762832539674
1151819186294 2632995835101
-2023457190593 -93612741894
1431857518970 -90152587881
6354114033369 1004367908284
-406080869521 1683987726276
2970803281204 2584395399
1267896867744 -2542315366205
2502919219893 2671451835809
-1616921449778 -282450144555
-2097248290146 -38191349
-3472687033961 -318115306980
-138187219004 3671239547913
2243379404085 941414073814
831245393745 166762775829
7463748146329 4900249301353
2233040723575 -763475935068
4820103769942 5788432917961
7617435212697 38415837549
1894328447109 1500020329605
1284986421141 2894793208283
-3661999758537 -66244120570
3500590543615 281611587522
-3760361384301 -31506954604
2985750510874 -10077793929
1618519586857 282458061522
556779306810 2479366238779
-1874113091152 27899055909
1084830494743 -2449015770090
1774675988086 -250273937457
2386651008410 840271817091
-3194105473734 -32555965247
-260765169159 -1792336393898
-459367992694 2507045630937
459078128775 2513407162538
282947757884 3271790320395
4817004099452 9507719395713
821873709983 1024091200681
3161367187840 209723091
1861131141385 3602112930
1474484710359 -12671883314
1816392399957 291713277134
8317122754689 2738570469041
6040473711393 1736428640377
1008884123137 9033762288725
-3565063067733 31468902554
-1621819620597 -277780481866
358266088544 3389154264513
904192022106 2259681824153
924692196885 2824281013004
-260765238097 -3486913543326
-807343602232 -2165173540983
-3583474723646 31381258647
-1385897663831 83682596466
3603226562611 9640979038657
4429611032257 200847006219
-590522602402 2447335246263
-3499036499489 -282467806794
384958624668 -3420577990385
4278172815873 753095707283
2242143852817 939929962482
389195625334 3357387571671
4478324597884 9645085230536
6536112767960 502436472459
-2699817369827 -833767095546
1805564798820 1943149262353
-37981026270 -2072133721127
1329486458995 6529738734529
188621654422 1671204273201
4979345585929 743861714651
7020604625397 7305823243657
3202363324490 -24536117079
9065416651595 9600980097809
5706750026497 5812970015001
-3032152576088 3094839225
5962230545859 9333406788989
1830061195299 5159061935905
946642157379 2845205954152
-1787195884494 -264866412779
516170164171 -2541119179968
61405319022 3657636127729
3588036225757 -29386559538
8711044688425 7485189344233
1785919038083 -303365123394
-1060694968216 2541738872979
-777088536847 -2823131508750
8112157954433 7565300378083
893204268011 -2730147397194
-2749115809817 847460803620
-896169426356 -2822745839913
8021226119129 650130296921
5414413980033 7893302657329
-3498889911053 -313809456420
-2918447041166 830801500977
-539906683562 2637168042747
-920733203435 -2257126008462
1649531952481 3200767411501
-1588401393438 -247432533139
-3309296154086 312505363899
3556297545229 -2324522856
3342469687506 -188286893795
-2285300014533 -941431611130
415925402269 -1694965405068
9105334811195 4877455582747
-3786080294534 -4649811327
1943936736161 8573439047501
1805439989626 -282559385277
854685693329 1040405068617
1493248270635 -31346161684
-383382558871 3358548402120
742209158988 2795253170369
3132546059037 5951373644145
3812145579681 -384212134
3173629548676 10501962453
2080968436815 -34810450570
1401674574881 122634572184
-295522479148 3514693064481
-524920433075 -2447851795494
5686742754413 9140373859201
536775181666 -2624774324661
7320332201130 8445245689873
2377166799335 -847436823000
5560233182473 8046110105857
389677192866 1663196100955
-579074458308 2415220780825
-327774554874 1790184064849
-2174474156971 -812071606428
-3137813283609 -81358303390
3359429849145 369599501240
-2119982184133 -845566743438
3683037894054 6432789165969
3264371863009 3411068461551
1634224519626 293267743507
-1385220167592 104601760885
1369457431255 97625199120
2486114936706 564226303645
1424579189738 6959250741273
38787196917 -3011309570836
8311248237625 6179846971548
-2888067656488 -853874750979
3678880294961 63924321558
-804786853743 2914988441288
818679575836 -2929028214147
3535387564184 -4635248091
6510470302537 2224159793793
-2032062863772 117953675
-827392093738 -2733206911047
-1249212858152 -2541851008299
2959153352276 844059908619
-3752799885265 -31032080064
-1480385161702 128956989
-3668894727327 -73093384006
8676069848164 7424681297617
-1094434008159 -2459213433892
-3247097324981 -56868696
-3576808797393 -24456934448
