1400
5752658176833 8547842332673
-1980570261986 50750023443
9194309336499 6049047650253
-550530679929 -2605689235736
-2459218573120 529575109947
724080897141 -2814049947806
3229093786886 9174207027
-1998252048921 -96598455688
4398199131381 408251548535
1202368114177 4084752552845
756440199753 2657259282031
-656862450045 -2520553450150
2869049154140 -751979809911
8074721554017 6312071894785
5706827465265 8168983072409
5688535997689 9979083643123
6492659467057 8152964863397
1463771479905 5207895925185
-428721853855 2536827765462
1099473659905 2034597907725
5926935309697 4254608048169
-779937660856 2813576788869
835308867851 -2318586646332
572750601748 2667426795153
-3221135862325 -3443729580
-3271944051325 282027531894
6117575348461 4462198577594
-2556695090484 502097149847
9623216428013 3070087498651
7441193265 1473762066938
1533063870721 154841635661
-588323356734 2447737004251
29753750605 1304057536470
-1140032838447 -2670054006488
-1353215187404 9445681425
1415595734188 71559396459
-166233629690 -1698326695599
3794885743488 -10067388661
3322753636553 -294439571580
325186256942 -3291568111347
-1350907669680 -14081248817
1628694552986 -291899638023
3403024059938 157679961885
1360127892330 4647989545
2867017800318 937945004111
-396238635134 -1691492539215
6261735742 3734216940267
3440196616402 278555688555
3143655088785 -94114434350
-40746952098 1314905141603
-1060706436821 2541994502586
-2640613632456 1150389606529
1913695712202 15109557049
-3768036156069 20624162246
1205432728632 2541466225429
-1083539881014 -2636008994143
-3667775022304 -113901072669
-1376650311960 83645113231
-2528445258125 1193683978956
8024942424413 3573139338601
1674577082992 -191811425373
-2694052562975 -857356752354
-283919506574 -3444818573403
3467031573779 282630440616
5120600321992 6649771692219
6017215192729 3062133926355
8779637226369 2551429689865
2598261305621 -564843005316
6124829661133 397176156193
1051130753627 3009842251825
-3706058444384 84687249105
2559162281777 -469897972914
2302931147241 -749659177648
250000320240 3490698528833
1253789106794 2548840997865
2908429112973 880865052526
3049957444318 388050399
-3628312381627 -90611396388
-1685189179530 -349051511435
2387069842588 -857766086847
3033496389705 7282415076481
-1794169901196 -251178147749
-1674600403632 -191788221419
-1950453686143 -104230522410
-3234492975407 10085685624
5487975886145 3960548438545
8604292065609 8617656743305
-3204315874228 -20029545531
178673643704 3417044185917
-1621742863292 287000521755
603579614459 -2637085177368
2778076254810 -941393531087
-3079503122897 -104598746874
1053491605779 -2540705081696
-482180514148 -2513591104533
-960878456434 -2820808665093
5854903377497 508473643757
6309943326779 4319203929589
-668644117122 2513824717861
-1711267926984 -188414966363
3046920863646 7870597678951
3082154224025 5258071335396
-2783853710334 -944874843577
2240991597298 9809272016149
1618362964507 -281267255412
7143889002673 6229589522369
3050809478620 741361221
2748888016897 3581153976235
-2410636475342 1130105559627
6119625301612 2710770566455
1986103603927 59281790100
-2477048155895 1119214594854
-2303780270237 -752743543134
-1904343488678 -2335683357
5623942803317 1634008273453
2914836810819 -827182133344
-1654097659691 373090695966
2772053137002 -851425753213
-3348487745680 379753400169
3384283094048 -355666305987
2723905552632 815791879243
-2061725685193 -27478746690
-1018502769273 -2540575017100
5319529275871 7216769477193
956780416795 2228014480914
3799196980404 -10460825675
2523859274671 -469548847836
536752881753 8559241296859
64352182073 3664725295860
-2522753897731 1035608446260
3264520268655 296422910156
670994630701 2576561988456
1546080609609 9198935455625
2031616136581 -559604052
1474425238119 -15108846004
1591502675716 -254448462165
-1021670863375 2509830684486
2547825216889 4100104019649
3247478807991 -345911284
-3329773451530 -294437978775
-725675535598 -2268619572645
4948511430129 5039842845013
3535657757649 -2836477760
7201311889905 6924740034369
1677452527325 -375409764936
2997601606952 31056878505
-2919544465176 802481974799
9593012846977 1932379421673
-1933382610000 94143178883
1844854290361 5063304907789
-409601759933 1680635102670
1739381243145 377778101948
3462428732612 -280619973171
1868238028946 31382634267
1720058020937 -188688061416
2439683699109 -1097949611908
4418900071377 2712464569635
9325863052165 812501671169
49381978673 2589914857473
-3545705454941 -8266502664
-2460380696373 1098002199590
100196548993 5011380806377
5339851816093 1872324892556
1941578526151 3980400888545
3000246222967 -31512327966
166314856196 1690746598719
-1284634326347 10332647718
2756917794952 1377028067549
1075711228286 2545347847905
8733076570607 1783407160737
-2890840417391 858923972316
1235203776904 -2569760103537
-1545912708789 389014568
1244963885145 1013399339295
446614133337 -2543040905612
727391092115 2259053689392
2070698913620 -46360864839
-914635443455 2834497676148
6063679100445 8886695399905
-1528946751210 3481883981
8144149688129 9137574167241
2279068529344 -749300449635
5355693192209 4486286366193
3601742140228 1549681551
-3219774683011 1797714
-1231916546048 2573621477379
-2465418014212 -1130852474145
3384311259229 334731353112
3624721008796 93967628307
-1357243939397 41812524
514282892311 1571300686179
-327734920004 1599530244813
2721903605905 879018646518
-408890180188 3382181126337
-2842353704402 -941388975285
-1106009108583 2447723717882
8255410005777 9505213090455
7808250025139 818090845569
3080165715116 84059104575
-2368602373253 815512158000
3655331656118 94704909747
-3134459332786 82137912867
486732519758 2541837865833
2780125743424 5930639219169
-1887745839211 -41841592230
3412927026698 376615843029
1153466424664 2636047271313
2212990965044 -941967651309
-2788870531006 932119528503
-3277741228213 -280879855236
2526392001677 690512458176
1155362793389 2636396788272
3624634801947 -94139819594
-3765694398789 39260151352
7108018493157 9189208105729
-3289501897216 -313818745581
432121766551 -2543069463192
-2761483695376 855955900125
1328945044588 36015743691
6207207397781 2637324928457
-3629190430752 89493949007
8928915967543 5281312915841
1205807492004 -2541865828267
-2646440002466 1156185502017
-1632192323316 269732352457
1692494291105 -355604181402
2416952168194 -550911580911
3373303072619 9772721830017
-2909920670379 -878743205444
-1311850935546 31261601287
-3001449339350 34863077805
935329845809 415015299325
158707907252 -3378667167147
2682817785501 -564859188872
2212859125539 1296707659009
576307704181 2419421231412
7264548858771 2054681981905
-3640732203021 88284452716
2993242163952 3357622117
1612585513380 -317249373707
-3128502614805 97615614316
-2083530320072 31553048823
3291452479389 6566899270461
1174643046044 -2635014880065
2284565835434 -941562063513
-1372505373572 93813363891
3135844034878 -104085396747
3411042333 3667591117889
1844826459201 -1158030436
-3801293122104 10459349363
-412659706229 3399350021580
1734237288033 -376135870652
3880030384097 5047054059275
5170962300873 6363186735787
-3394549352377 -156772962708
841974845795 -2322154288254
734880863606 -2259560327553
2818997097061 -972755518734
8682310767809 9463289031872
7386598416841 8586845133719
-872258567916 2919586400063
-972544320074 2267616701655
-2119530472254 846011552353
7397360276159 5782533566121
1336166500523 6357758425437
3530481214388 15936219
-3168171255104 -6587919795
3808182520298 3487309803
523088293825 5298724203618
1681656554442 156460481227
5412231916320 7816107983265
-2946897266820 -837978458831
-3457218023638 -282372199659
-2853983898521 -934418342118
-755536492909 -2238901432266
2292681833645 2886845293481
-1091432648035 -2636783670984
-310042772172 -1800343014581
2771332951739 -850815406548
-2294541197845 -953097621948
-3062697960952 94489129191
3550784130953 10072906446
-1052459499878 -2540705134845
2095532496819 904138760
947450723040 2228055292085
1643388352391 278441262288
3383839532823 -156862435276
-1531016348589 -1166979550
-3054690599739 2366034382
-2432674727061 -595980339814
3189473439344 -27899707719
-893332690677 2918562548002
8904018735389 8773983155729
-2234025310994 -753528068169
53599870465 3638664924673
-3314814592572 286423846969
1839398735391 -3491545366
6022354820684 1836043791255
1249704477227 2541915271998
1164652484758 -2436486020649
-460763513595 -2577938806294
2964797860191 846848558798
-1771541207516 -281238614271
-2167021794951 -864736886920
141626047177 -3388757448912
-3152169448894 -93319800303
2508511083466 1046178455085
1567531284069 268608271798
804292414507 -2922140380848
7182312656641 6288391351137
2339106506527 877552028946
3033884687378 2480825367
2023973264595 4405248359657
6122044864769 9286066722145
-3066998466994 -94157582139
-2807936263026 941837808953
-479331280624 2510470365165
214999181552 -1684678804389
-1143335039185 2668685195280
879976582913 8377354901985
-2980344553757 6985962312
2048488153606 3484481457
5150985599613 2248186966465
1564418553872 -271661479209
689227764009 171222381305
3790564693698 -1299352861
-2138060168699 857710705428
-1325123817763 -32117634900
3218546701129 1211671152
2578640687815 -1223994775464
3560527224582 1104688691
-1579542612123 278290516508
805891223537 5387538489089
-626739677875 2548839927930
-3386355786837 -334720319326
-1923049699624 3485131827
-2966224856013 414583276
2989965064261 -3529809252
-2977525211651 9690551070
6723997670881 5734562714617
9882350168913 7193652320449
2788319432119 -763347148956
-3516416800044 289407894875
3119466439880 -125025234531
356231908807 -1689928177122
2062377805434 -34826984317
2589506871485 -1129933261440
2501574308357 -1038954402684
441485598523 -2551920035922
-190497275381 -3347738689680
3211270326178 -26470590561
7750163564032 9093521535471
6355316773159 3464332075841
8974965923113 6301550450676
7030316183261 9132124863365
9476475010035 9433863273058
-1551247390884 -1242982745
1697030744174 -418862659065
1693091886442 -414798028353
-982229332542 2263353514325
-1773228849995 251147508606
8617201983555 4363703328089
9075198182193 7881920185037
952885836185 7034359566129
-237445741838 -1601488182807
-1028358377061 -2509284184480
740042251810 2855676246543
-643926797364 -2573506605779
-2420962114019 -1118995879788
3472894397435 -311738505444
6353811490265 6228542164625
6558171013501 5781862307873
3760798329085 41884439886
-2081883360631 26768506914
1916607044916 -9927790265
3198835832098 20922176799
1627084177216 272340836937
456712222666 2571572907333
-1238338956679 -2572121309742
882484814481 5814883979073
4123564488345 3822369958497
1688081294799 -344045324254
4080225875621 2964151144482
-1028866621038 2574351933137
-3520771197304 -282429365895
1412361663430 -49996318059
1188653540966 -2551305775377
2544069105902 -679578237513
2693834442926 -857742585351
-1741881133890 282542779249
133605235070 1412405956167
-2398492784509 848316987450
2022913791295 7152697070761
7910275655609 9649209135921
3774583393806 -34739237555
4861688068169 9553880404003
-1938286294229 -92851717176
2171224361929 816336360540
2818058728025 721651104144
495552713496 -2542918265461
-1518063093721 -28324209036
383489578550 3419625191427
508950333818 2543374235517
-914330579780 2834583581565
3205028835234 -20923894697
2658103925475 561845796166
8482921204180 5949898231713
-319423053081 3483302401756
166479096752 1691132927649
9209944785028 8590611718721
7377660656897 8796965768747
2850338702125 941423105850
2021787019370 92981159631
-2546429046534 -680302407071
-3455714320230 273130202557
3183874196916 -1032154649
-824995676637 -2726649634054
-518586740716 -2447737009371
3469649655733 249895663308
-1820294840661 274681315988
-1162495127762 2433777066939
-2282649288259 941690029230
-2573562981873 653197342238
12101609146 -1534169251755
-2522332057963 -467231214330
9986402041509 6744706650763
-3179700921297 -4606005952
1731152153161 -177819627156
-2887726543987 -854263889856
-606978158657 -2631315851694
1702648789713 1112687367633
3045292007957 -6570203892
-1284926814690 -13990182137
7321597962015 7301868682421
1082186213004 2541435300137
3217320070482 -386808481
-1397035436438 126012162537
4318923728017 3278029074609
419525669955 -3393157802498
-2986113168184 10430055261
6243717167137 5645609930803
4888379542621 1180058996785
620348786459 -2540717974830
1835606114433 5107874147849
5955419954737 4961185966499
5372288302889 645471278617
2512455483419 -1046163396066
3519645480223 271964222406
3558793847035 517097844
-3536438262964 3357644967
-3805115996679 -325064746
5416541433837 9892233337137
2091581936315 -4644262902
1826530326838 -283598057307
5887692531782 423124707241
-648619573213 -2505448127370
1399375880789 124959847878
5918755234483 6990965195585
-299969473782 -3296559339937
9231039414449 5946120947273
2428827405123 1129727705282
8978252764453 1900626219753
2432313613761 6728340103873
-1556281620070 281960787537
2829599356382 799472717271
2423377038165 -563956666516
1205983472133 -2540569609520
4549297323651 1606793870561
625913601960 -2548836562051
2578284481748 -648446040189
-1627324377711 -272353235786
552535770486 -2667390064417
-1034969819260 2559285462645
2843837391027 4934426627585
-2996975561692 -31425694659
1352765881273 8910719262
2382249604681 2989598022657
5892256255641 9864325623483
-997696123489 2540722701246
-754591302670 -2848703472351
6946132573121 39035322553
8351169759971 8890111916205
-3608425041957 12954897868
-3224246420758 330024933
2003863477446 105018101989
-153429230115 -1705898684354
1878986974658 43161511689
2140829302230 -847938976585
-922659001368 2824666899011
-204173448845 -3388967836218
-150266065327 -1693284073992
1922001639709 7794189868033
2903795894685 -878655317984
4448156723969 8294332098833
2237083912309 7059978628565
1488980326844 1578379581
1227177855213 2520160774784
4116607041489 1467186423349
4374719639197 2349789947418
2640902201386 -585742574115
342819832129 1070706526258
-2993651863231 128962746
-2329418196895 848403092970
3054511779566 9545341183361
1708808299785 409116626546
-2076882805101 -30993631064
8627116578909 2328411714657
-114493142194 -1416797377821
-1227037068862 2582546042799
372682777988 -1674996273297
3150530740319 94009787136
-2269689875454 -905401867931
-1543181721466 21212415
2747120528633 1637022806681
-3078227359568 -104582990025
743402854152 -2859295485139
7453867195905 2908305564627
465261119168 -2573371439775
624812689056 2531405416213
-3555513812468 -3878463231
714794533795 -2825773184094
5208019156311 4698362607521
-404002081869 -1706199833530
2049169642185 -3878987860
-1227057431869 -2561624148606
186413412011 1652864946228
2518523843753 659389852314
4739677126162 6262154531992
2886627768001 8281906203713
548426231522 -2635620989685
-368564132031 3357352496816
3357762386513 5085051478793
-998233970303 2542208686506
3670923098049 -76670981486
5906066656 3608434493487
6247522038545 1540961201905
5877089967329 1276922097541
2508346607689 8645970036873
237459422697 3484592206604
448111745042 2538323833077
-3284962148508 -318590905859
1114374990024 -2479101944441
-3092856602590 123974595039
2910159704231 -879017426058
2527846157040 -1253695883759
824184320873 -2164862626128
3809721336594 -398574161
1193028778722 2554651395559
-2423313372282 1128789777545
-3095710369336 -127864684959
538235610273 118166601777
7961100926433 1057800669629
-1021347369194 -2572084088469
4173925144577 7482227911715
-2741916329459 875618193552
-3785137159631 -3628757880
639267628449 3027353199131
-3802610797171 -177390
2501491541762 -474188250645
1938458918677 -93368349270
-1274935975320 3099239495
5501840272237 4708505687505
-990637671625 2543099821128
3564243283985 -31510215066
-1573741657229 292645406412
-898214304907 2820817538124
7512798474044 6702659450697
4819952558689 6652352710333
668715067150 -2576857550823
-3645935934716 -94531071465
2129097989700 857347192771
-1158392136230 -2437419069543
3742095432691 -191317710
2054814304761 3436165605093
6196941910057 6589432902009
3618084583881 -3228521548
-1897791747525 30991908472
6382466285183 1812704772112
-1485429032592 5160270451
-3059167716550 -389563509
2024574983191 -405884652
1506142002523 647502679329
-3079191496079 -84711392838
7815674551633 9162244325249
4163032062345 1901725649369
3377980667744 404597721873
-1321739611320 40720610303
1441268247309 104345774362
2517739911937 6422815999561
-2705993446276 848496214065
-1643708882746 285877524687
9948723353873 1513863473227
-619228952679 -2541813222124
9787237434766 3728050543045
-2068797063082 -21430967769
5128921349569 1754637860177
-1645825195983 -283073644880
-562776049365 2489607108314
353024378087 -3389174022114
863239879975 -2165295415932
2147759442295 846520085988
1511075955937 9922708462793
3622222236515 1158016500
-1647443283421 282367365876
-3242785197063 4261645090
3116813600355 127681924544
-1845594950775 -385827598
-3659260146257 125529042780
5026094381689 9881379950857
196128282300 -3420535370453
-1384415226262 -82133143995
-1840910123250 1894055809
-363590049383 3357772847454
9780650508897 4816652222097
-829097281400 -2918351918025
435163616907 7463099898516
1215016137153 2506998541894
-525631096045 -2447727493458
3453477820229 296204467518
2797961036231 951979888278
523374212966 -2445522660189
2980410980911 -7053117444
-2073927965303 -20920765446
-3592227295698 -31251923549
-2508330981028 648939416535
2889516800664 -858107626999
972651558227 -2837467132182
-1910734672751 11879243814
738947579099 2854471096548
-3092037468512 125653156011
-2006633748441 104603531786
2790160788593 952040931912
-784493378254 -2829846738207
-1443726107331 -102278949940
3463854997658 278939093229
431355809653 2541473801262
1163113739317 -2458182950220
-888690321293 2725375528044
1067778998722 9774575378363
3314126386246 282491721369
-1831389254616 278814537287
3632333811834 -94099941919
-3466197012494 283462128531
7346010816089 1789629786319
577257416348 2479208887773
487323522585 2541994975148
-39234084193 -1506292270392
-1201866443071 2537982057528
410652846346 -3378517622343
632101873955 -2531003706720
-1056479351038 -2539321229799
2829382043 -1297040966964
5864459477941 4876540204481
-3570173625211 -30219309900
-3435421855696 -188286945957
2370176661690 864998976549
5896898070445 2406070998257
2851430640933 7362352809667
3394357459351 -397479078630
2579667725180 1034398536543
-1217733157462 -2573251644429
-27728202832 1329999661305
2368195037131 -815907532140
741853406780 -2852054299797
-158792081789 -1704908393370
9188430185945 1023091282657
-575234979011 -2481051064134
9877904659969 6145165019081
5710198075079 2129285699413
3192847757462 31808377485
-1638375313086 -281396417017
-3657493808284 -124795455849
-969848376936 -2835889281595
3269392019028 282185940487
-590836157386 2447896432959
2084185295009 -31338472236
989911194475 -2543158852218
1502524488241 9488072155297
2998913439497 6105688068737
5824862934148 1373715289913
-482756694516 -2569893877633
-1590072136296 -308769346763
2160413112379 343107737999
725249527824 6991292011591
284833326897 -1830159864736
6196969705699 7935508180065
-2717956341450 875179642759
2729486807312 1884350514081
975128048771 2248675654770
-3479863215099 259831054070
-116213743797 3102932092166
9225482406677 4186904752301
1663317591212 -175931419401
-2022170681573 -94918354386
3692338763736 91446115049
3641518985985 3555593611713
-1982529413928 -62757684821
-2894277333012 -848412608887
2003278275573 -104608314928
5948005968645 8400842825161
3570240490691 32543382294
-1738746894063 376285860368
-1460713121881 1119190716
1401182521611 -127891603972
-343051799010 1705420205963
2303740180296 941777756365
-2238720184557 -750821008300
1805848806097 6181138999695
-2649013652011 -1098349309656
3513370335355 -296032103484
-1694956133437 -169862098950
1328508954190 -33169774107
3151251863460 -94277172173
-170188892441 -3389111371128
2086413071514 -30991987907
1802452092566 -312631330419
2351672144971 868085076942
836073686721 157063360993
-137206225868 1415888023671
-3185486128768 31332337605
-3051937157296 -387419679
1902233508617 3333847464
3663546830195 125132626044
1236606986622 2573490837097
-2483026947646 -555675772473
2087412001277 5719771550815
-3541961128756 -10461947283
3615139724537 -41456826
-2665178112301 574884169182
80368035637 3641741908164
-2894700237354 -847290197929
6022715962009 8689400879693
-40362868890 -1314514707347
962061866244 -2821971019759
-1043421808313 2510489525418
2717692900485 -878797138346
3762788632443 -22082360612
-1161075272837 -2651634027936
971121731841 1925327392875
-1952412038048 92596619907
-545623983048 2632493504989
2596083522275 -1129546137240
2025128224201 -12348450
-80534373784 1944606871035
-929037607235 -2792986756374
1378138909371 104593964390
-1082390267519 2541738280818
9611257386201 5507357063669
1484135531132 3871195659
-2453479032188 532961491311
1925835291503 6720029702467
-3182637950048 172166229
-208817620743 -1699121038708
2723938347665 -816076565478
2158185580633 817426222314
8620566649117 3306652315798
-1990037971391 -62805163752
891830991862 2730066702717
3756459300253 7073014307437
2995162298264 -953878275
1887739343178 -41841353789
-2304648885257 753968103468
-3773001362582 -30239576829
2546628768305 9077169972345
239692219422 -1596989773855
4188921448753 6033525615981
2898329761889 -843945298806
-1094709570037 -2644876638000
1275144018975 3914042638
-210976651012 1694560762197
-3375850361632 -408010928517
-3372168007611 189319590484
1664734906989 -174252595318
5096213384849 2852027297121
2596071387457 6261553513685
-844489800634 -2897497131687
1352186715247 10446712884
2002006864032 -94141775285
5383096376913 455750657913
219447846257 242798835649
5658170278561 6340723803205
-2472761985119 564819400542
6518827380873 7690107234369
-2344828371143 -882151145604
-2291814655118 766705147701
102928191013 3141535336548
1510874951388 20533312151
-849759960517 -2374930055880
1569920450479 -275442218010
-2477677800498 -1143695735819
3706817368302 84715763297
1600249694794 236331441153
5837751162997 1309449559169
-770192199731 -2258352151974
934379696410 2226505548177
-673039274572 -2574782041575
9065654218129 9791296742497
-2956084890844 847287015363
9781729121119 5195896357461
3171297272491 -10436500056
245120983334 -1789068958125
-2569061379260 -481174626033
3133647058017 333609753737
1077425633848 -2539841045031
1113805942131 2636131831588
1209809902589 -2511259590750
536986272592 8219300130185
-287112896883 -1746362446196
5502252409937 7793327219785
-3081085540329 -94525934444
-975293273456 2814227275551
524745090475 2444251807368
8392654856129 7122003351865
2338754128590 815907550069
5398438315217 4159347546831
8739437578753 5712057381865
-1602266394003 324269157664
-3291390771660 -262252847207
-2730991418924 -802089728811
727762384866 2823910565077
2293041349023 -930580471124
548395994968 2448109016667
882538927483 2153481893658
3381620900827 220821748164
910511640035 2816155342086
3065255689708 89671042821
-3214514010084 -30230476721
-594262165803 -2646349975754
-1061954691485 2552197421664
671256710643 7038209871535
-2314690431507 -846169387418
2126631572213 3764499758385
862324523876 -2887449156207
103248410290 -1440429005547
4786891061717 9937830620845
-1832079245749 -278813574738
2026853153731 439521366
854349904727 2697230310780
-1035467757765 -2519008019444
874775515003 2909312658252
1717928133772 376183875537
-2879522701582 -846107511345
3517403873182 4228030695121
-1427738452486 125524789839
3792551652068 10058878809
3539242866409 1544715036
-1467899763296 -1405727019
2436049703494 1101307363365
9374669542331 9957715286929
-2421993215060 1130110878633
381261787461 4475562689331
-2901696750573 847274850298
535076028453 -2440632813220
3234567046266 -10919000099
1728893431401 1628183876489
2942655294954 -848836519201
-600709561553 -2646856899108
2605109843148 1121582295973
2709118734654 -843065429021
1765822004434 282286099101
-2454662312507 -1099759222728
-3574925150250 -21305947211
2035929454587 -11751774736
-1740970053410 -376185354111
1439899304373 -103780841654
989515976053 8636562739969
3796060962867 7323788528
1250074733481 2618163708505
2542627869877 1679433978193
-2803858673183 748496384778
3639438829105 101030635314
-2899786567901 -847552065660
-1338380916591 -4653833210
6665272214369 5896085833254
429563124386 7685698755088
3553049178209 942954210
909613794156 2267456800121
-137178426446 -3675587325861
1461054046874 1562200425
-1842917351657 -148448970
-2315804186607 -848452642532
6898882390765 6072995462705
3386580868413 397534821622
3151608615629 -95440904994
-1025979206974 2569774615749
2662658627702 -1118855779083
1193805456651 2535281271806
326480836385 1600868161008
2777131109160 847282055785
1679039184032 219518629089
2912157541531 815921894094
3388378507718 -421977559833
9295676623185 5302020623961
931148287188 -2233079460143
1626479450106 -282410174969
1496542134186 34738587911
-2394722948937 843803360344
-214879426690 3399269328891
2739501915478 819135876843
5501363718189 3012633849834
-1090667913362 -2635994459229
1119254080336 -2481887298681
1059508669953 -2543036068178
869610295261 -2350051226556
2375716721276 -850258131435
37534037003 -3765583484700
8061275611553 6622474768349
-1784266735171 324272622348
4035442366865 8607249710129
-1580348953551 -279072372284
3575021915168 -21308139771
-2732145662250 -826234163671
4434341366241 6027170928146
1576389473106 281394977831
7864314949141 2442924305649
2310908653630 -850904462643
-1796480381696 -250962398739
8228985027489 3389520729439
2149225514217 847289258750
1986043557189 66219601384
1499801138507 32541752664
660872168049 8926787416411
2988622226939 -1292031666
-807284876653 -2353574510328
2620218662141 -1129717572948
-1617754629350 283251668427
1340908716561 114181082
8053185771015 2896774467873
-2788858148517 -741524889706
2708031499101 850532935732
249024229722 1778269492595
1435732878450 -94288210543
1845565423811 -388896702
-900162294115 2254782285594
-761370106968 -2227682166979
6597124565949 1670770578165
3172098693680 10454428383
2802592107761 6075516282126
-1279428198212 -1147580217
2198767951858 -836823469869
-2001488820280 -95692821453
964309405076 -2824210864221
-3546246367350 5416971617
-1455399870097 90698318568
9015251909345 8995100488433
286426850934 1766694783943
1661844627345 181700025634
-1880184368600 20793153921
4531402952257 4123665675849
-1402859348473 -66723539472
3655625941313 5010388934889
1977345565270 71039842767
3053996639035 -4534254864
2027790978029 -3615392910
1154306638149 5322284631113
9732236493573 8365487724913
6102958975043 4570073259205
-911562034988 -2831156289261
2476788212877 1140653351584
-3690431198569 -94186166412
-3248966897182 282553887351
3045587735388 13947196429
-1103292389056 -2646484771437
9565367398919 432971931318
8978391702273 5654980700465
2937655045579 6725381596497
-425061068064 -2540573895239
674020501476 2510884950317
1755964300183 -296390957382
-2070083212417 17823481392
3485739964719 303006334922
-2359487559579 -815519923120
-1746134355588 285791602915
2207677729707 -842644525784
-3509564143455 -271969872502
-1105099351183 2637185619720
1368941344576 -90661627647
2899191027199 843744422610
3425483123666 -366126710397
-2141050586239 -848838282438
-3789789513622 -1283429205
2407815715041 3892734944915
7862708520005 9011230260289
1033498497463 2769013464889
8608609927625 1510148414109
9131165691023 6722420964929
1735430340595 -191404262952
4440523811525 1432890396833
924624782828 -2824250761911
-1921002856966 1144211889
4349104886585 1063660283805
982769307433 2257063231122
3576150314957 38708568108
-3500221321921 -283648841388
-1412198234142 68831551763
-350386916508 1705042354885
1974490278545 73608298614
-1123279655623 -2417462221896
3686637025474 63283227453
-193150834095 -1736427201832
93038362946 1456952252037
-2931046390345 816311598084
2371115155928 846508993029
-1261338183303 -2541865747870
-3525686336864 -284749447869
-1066894155572 -2535539552451
-3811144465520 1535923263
756086528383 -2781285313338
1146819110656 -2637041587551
2159962087906 -878655313695
3510730530272 273136050405
2729503965230 -802017799185
143525732355 -3387991426076
1082619100093 6162832611617
1548335343270 2329468471
2482378818001 1436073962337
1416687896256 115494333463
-1886957773759 -20907539202
-490544323199 2537986250712
-1131059571806 -2598055951401
6103973576573 9073930937377
-2188511784145 -847025425698
-1445203618517 108061617816
613935958072 2543056780887
9735736057961 1794921964993
-1130657003491 2660417095716
3534398120940 6048303555297
1441090930633 -84032510886
-2450968882669 524222377860
2934259968704 -847157871717
-3592711386065 31768954686
-785651725745 -2246019979566
2127471960136 -848493915201
3931548975553 4591653873924
7993981159477 7571275537777
-161988701228 3399471343425
-2066717022040 20939897247
4803233583073 6839198712713
2054716519600 3590554784287
5724229095105 7081561162433
-3697323048907 93741409350
1108671092324 -2640241940583
-2992185136194 -4606025273
-2491493187550 -1129631774841
2999847311068 30864373569
8922663557705 6476078324441
461186796321 389835376929
-1889207308908 31342433789
2528648696144 -1192629015405
-174535418446 -1662031778607
1851798608545 9003715330161
-2579111246223 470200927840
3685852552310 -126686683617
2408833998510 1128599633213
-653748401821 2573237557458
1572607598480 -294439514781
-1453241551466 -90789733629
1172437371083 2451209434146
-3406283540940 377749345607
793753351675 2827388239164
-2985968780621 10803014310
3761814767750 -21941428233
-1585542588952 251062975953
256935479479 1600821443052
-1617829258364 283320760119
1082427933959 -2541736492782
-2841011754489 -941566597058
9300957817153 6179700813173
2307132642726 -847048022951
78401065833 1408019805947
4625057028289 2853201671169
895147901612 -2259436355301
1353096218515 -11622614670
3452305596529 295032364794
1403226804429 -121952975144
3591046713183 1697422156073
2327998898648 847848277809
1687762226186 -155358804723
715103217097 9361823126093
1526699540521 -4707503160
-2630538203807 -533363162994
6186914038647 4070214046329
1622692076801 8909118652757
5307736083273 7208253279125
3625422622738 94277099529
5443053444835 7104771038027
-3451214295975 -268477595360
-2973127865375 258280326
6703939425332 9490674728060
1823234419189 -273004419414
3249906177640 -283592328651
6498068642497 3244167376682
2027200912340 10272105
5666019269559 5327728160089
3781967461519 -516770946
2617616319131 -1129717966590
-1105748568350 -2446431348147
3156394241755 -14945610
-1283062447841 -9685450152
-3697329976781 -93768454386
1958857251567 -94267534670
8921792177843 2363236609173
-1463825752904 -3486789513
5383765117461 3371541082137
-2132209058402 -840312908721
-725564656124 -2833598397219
3438281766115 -281266736766
2288870808360 -742515034031
-1966043646209 120921662664
-2511143662849 1209875925582
-2537666851248 -512426736563
-1543520756224 500556189
335568194216 1697932717593
-3187404191568 -32544462439
-1988510004871 -65816308440
2478098484443 1136309079528
1845008720485 1119221334
9582676430521 7120021051113
-106385597582 -3075343843959
-489361631046 -2542397269355
412969053901 4900150314261
1800929245595 -251043851340
-3346220038343 184412093742
-1715671836581 380814677388
832149883793 -2698260934266
2059374683382 35256880693
-2892636530031 -847288497068
3345211310835 -376572708710
3801326211083 5214909380041
-1792682538311 -325452873852
1162689132058 2433660722829
6984684756369 6665797836235
3685020399162 304141288425
3768397642446 -20771797949
104547242081 -1375605976320
3779714288254 -30463254495
2135212616694 860892948649
1583060707793 -281008325466
1911868432799 9943794738
-118518943951 3673262205906
-39703932681 -3765336662044
1389968324135 98015723814
4880759677145 8683543967061
618884229931 2545371392904
4840391599742 6859468515033
-3213926686059 -31342625360
-628415677608 2528002962667
1731501732890 -376613495325
1381297979135 -102328612686
5456001756753 7106246792769
-1122493983471 -2605833255982
-591110691809 -2625534068580
1730459808356 -198314649081
3369822776916 7075610369741
-2595077055309 568286926246
3802579379873 3166902932921
1342546676877 6707824360265
-1362252451449 -400137886
1535012547366 -10591796285
1340102738207 3018055788
-2632636177721 -1152150250854
9230777808561 9085570482257
9322497025855 6307779195117
-1091368372664 2636684643033
-83642087560 3637381004217
-581051052519 2448124772464
1721466073709 7300331769319
9322794276481 8310107851593
-3173564305660 -10455746661
2409543074689 7067230720901
-343764526579 -1708552524528
8647127877537 2217047357649
-1071694788926 -2531032396893
3062161928385 223567512017
1405726420936 126686507175
1280503705487 14283648
-623615574134 2553426264735
3703785825793 5224969612147
1322734742667 521304690141
1313237636609 6025674725843
-3760748122587 -41718999860
-204997640426 3389285199171
1301609047686 443398123
-242937353168 3482779460559
-283404663728 -1833664205883
-2393053272832 -846760173381
5813222375152 7748992535537
2502979045941 660116603944
-2901968542215 -847288628372
3334589019194 281912995485
-168570749421 -1690595133170
-783445771222 -2273783052645
-3627148675574 94099419153
1916763221122 -10460173617
8802343651441 2049947148899
-3270467778689 -284036802174
-76415622439 3672746235828
5861573088517 9546712952901
1049942726676 730492582263
1736802062605 371735537034
-2893040827142 -846912824523
-3459324145875 281152424620
199674693987 1811897348945
2212948282841 940972622622
-1203545103838 -2538398735703
6346773989729 7993754211777
906660539900 2271446347335
-944080494295 -2782325066976
792803108333 -2259092094498
734005904999 6673122829653
5978858105987 4830126742151
691785634391 2527961796492
1699604628684 -209119500217
2283919579670 753918730173
-3485802845232 -261121291573
-293447820830 1627176321819
-3239284916103 1676460158
1058069068524 3723005736317
586031744942 2443016582013
4638680628031 3796534824817
3294065867318 299872664301
131082090816 -1412116675363
3253338845796 -287479570663
1330148398041 2279739290729
-1179765284157 -2541483713768
2490550430001 -561773824946
2883345553497 -858912739732
-2052690296633 -430290048
-2495530579987 1035962210460
570393463640 -2667345248547
2175561056868 -876732684839
-3210558808959 -34941173872
364513324711 1666568880450
-3314750387526 -279241877057
8491007269177 9811229932257
-2446371889669 1153743056304
2695220881865 856328426904
1466499921686 -47212959
6517025808027 5034306758785
2096172026355 -5140
1783615106192 -261508831443
2635941369857 1103762565792
1992293361539 -63136229604
-779899769998 -2249492893119
7228021628537 3481089823169
-3399195884156 -405500108691
4371310168891 388669258717
3529374898099 -282299864850
1624861985368 8857521286944
-3605006406553 -11497712994
437807686321 -2528047299444
-3567835915929 27878331166
-988537363492 2541861071595
-3201027657156 -15889552247
1771720550762 281152461717
7516505498721 6055994851313
3335728074673 4047963008681
-2263771242750 -732230276185
-2075009864171 -42911557110
1030375429818 -2562787945349
8121209942433 7941253361633
2750362368561 -843672451630
1453117952320 97628386401
4495415635077 8639719106553
-2018272453266 -89498328353
2301728621714 -748367240451
-32911047162 3591472255085
-3503924602122 -287078522653
1010749487633 2540579213964
-133568935977 -3671954924444
-1861660866286 -2326705581
576557544001 416243023553
-1369820876721 96467642468
3496297389029 251069255484
706708980610 2823778219905
2506369889237 -460299276558
-90628218492 1999602839159
-2804607917169 -944534332270
-2275726883267 752932381176
2401994502911 2111790039136
-3327858931752 275469841523
5470527072089 5030211587289
-957373895453 -2259310532760
-1480398152326 129073851
1645026096433 -282284453088
8662719203750 7029328399905
2566850153717 1225023585570
-1520506963922 32500438371
1331950741682 29764359009
3168712493990 6879499449
-366053504655 -1730870919098
8318907251212 2419522747825
254680393733 -1779762605286
3574887473877 1254432611139
-3729816434310 -10889698519
1147072962899 2448511657776
2825830709926 -777636477981
-698968424456 2541738289269
417516076978 1698006430539
-1011494096320 2542899475935
9491066048817 5007696420819
-3668330625001 -116226146700
1480455916425 28914356
5706992314173 6298525258025
2429253472753 -1129278014364
-181342113478 -3359458571013
-3209405784861 31203029548
3563590097516 6901256807915
416718533799 -1698107075770
-2106901239831 -10416775054
-672349781606 -2573232008319
-3190735853066 26865956583
3776444089230 -28994890159
492032885551 2546341051680
-1767375023350 -284897723697
2188837722792 847279128059
3053095941091 -3874244742
6883390508703 2341912092817
1872075373862 26598287205
4489432977405 8295619051837
-2863453307802 -753020010559
1176944260799 2541751037802
2447041650086 -1084390477965
-418087920247 -3391608094074
2248906097612 905793884325
-3684054959653 125518980654
-2785488053664 754308225145
517715694996 2541908875265
-414515036754 1695610342375
-1949992691211 104605655636
-641586995807 2543245077942
528672945661 -2457800896698
801054808908 2918386698587
7177773906577 5802848275281
2750453405554 843801785667
2683971370821 847288530388
-3371353000927 377822642670
-223143732747 3377230429604
3625858912801 -92810837286
-3530992509786 267907501
-2144732962234 -852061467267
285800299251 -3461649859540
17285425992 1504783160897
2874191801028 847689020713
-3103848790108 73223181009
572174986210 -2415069312921
-2246836247712 722146497745
5858138020897 141885075125
5572938660501 7250499449845
-615910816641 -2538001545940
1462872454965 -3621238178
1776418800127 1105063225863
3655722819527 94272345438
-1551650420730 1420637705
-1533289124644 -10418088249
-3723354987484 -2277811125
-129978695183 1422608750514
-3768103277330 21179185677
3998511117041 5758402409411
1869557462532 31437394783
3030666140674 26806227
1397013809855 -125267318352
3768616069777 41829406266
-3747668335193 42343416
-3262450392692 -296850623259
-2859822512263 763652025834
415854471992 -1694578798359
-2308541339245 -848450346012
-2222073216839 941054478246
635698333821 -2541602786950
1759707309792 271470160189
-2059430865928 35253673119
-731441710046 2255777792955
989733507490 -2543084933487
-361022466049 -1663325319096
-1375957611985 104221157004
141832753234 -1694332795419
2326806683942 858284595963
8018037542775 9166915693549
2967194556911 908107200
6043652988513 2409372144465
-2022851407824 92954878951
3772109458791 31380547840
4644499225773 2764807260161
-331754704022 -3387935167785
3355696098152 -177782406609
-1379892920525 -87164176062
-393998532504 1693716816725
1708396289812 408761977821
2949376130604 860197311065
-2747685511716 -845743473613
5644054223163 4985965746389
-1280668411417 426759030
8261713740364 1129168358373
1053928821871 2541904485006
-3208298890222 32538478821
2887045986148 -860288653305
-3345142114791 -187897108318
3952887393979 3102922065753
3297029280289 3432101266053
