1400
-2534163957997 501982181172
-3707262302076 104732842763
-420699284887 -1694820965166
3897072450977 2236675866657
1661838976456 174339235359
1302381079097 31352342022
1866040434750 583687
-3288850120150 -313665514911
3245062772654 523621959
2470993554474 6039460144929
-3136000473957 83696997176
2262148371525 794822089942
-2718570385249 -874934169534
-3016026233069 40919913810
-2116945168988 -1148439843
-816463684111 2910288363732
321830531127 3482958209576
4652007666688 2883078791608
973943573841 9526169106667
-3617713256958 -3401748769
3654574795745 3060506623461
-3802886222425 -518644782
2273564606944 -910826987517
-3268122396843 -272361209588
801249272559 3855027770373
-2741610179125 -875570326932
-419475551441 3386048689026
-678512807578 2545395685881
-2764313654641 -857749494096
1149216232638 -2632574657485
9444732823877 1200020699473
1181734195339 2544185621508
3154596762660 14289859
5665904155705 6896342079393
2277433637545 8370600431623
273238124177 3213456546385
2207516325642 -845150621783
5009522481831 5147229029347
4284319574089 9579679022145
1199870633586 2540577672127
-2691236338401 848441712320
6805324663267 8781641354611
-174389160651 1664860396220
2025232077657 1533918638081
2912295678219 -878803250288
649562934854 2514397232277
-2163368300768 826535149647
1012726548683 2542039032174
-3648647158833 94157479702
3475284288281 5949480865857
196170049136 5695779152881
3287218548072 250909829711
8882096250952 8922669133604
-1822604183630 -271567336857
2617677275402 1129776013179
4472216589938 1036128130321
2839389004737 9945721290227
3332010282271 -282816964260
2315492241096 -848495689075
986099533109 -2259472960488
-948532760490 2229656994755
-1650225140662 376956943515
1358660105231 2968687962
7447523081342 4450554918589
2509835202566 -477718162935
1899669523875 42574240
324106785744 1793757590477
3797695348417 8723793939303
-874937315494 2930012973627
2221797331466 -753278780595
487409777271 2541994961938
-2930628822070 882156805641
-3499181927870 282326616351
2434900743004 1161601376193
-1956898701789 97746534478
-3342462539084 -376566101097
7201546733621 4111091674001
1956145705774 -99304009695
2644960407874 -592863297507
-2311879541350 852286799403
-1087757969004 -2634028864549
1491099207118 -31754158821
-1229376198397 -2510468313732
-3649631579727 -98080034878
-3795046738140 10486689083
-955740253665 2229088193920
-2393711944622 -850779730659
5047835765861 7021945648014
-1970277034935 63970971328
-3471825112715 254966279688
1259564175093 2531534637052
2100036175204 10866892437
8636041833379 1932269793080
-2899037185993 -843935400384
2944489242367 -847288749408
8775843185083 5400998350664
-1712377424837 189276445080
2837198527673 -721333904058
2602834889012 1119297414387
3693705577617 -98159345038
147098645674 1691048036241
-1630649772243 289202771072
1317126157716 17434433951
1895921107017 31416961364
3568286954094 -34526636369
810547229901 -2730281916646
-2335503112311 -847230866216
-65165209197 1401299733752
595367103450 -2433770728919
-2254193146324 910050531837
-3375678491149 -346334852358
8669473297273 8129717341761
2950753080073 840310257672
-578595159071 2605777631610
-1438248093843 94183570538
2553714030478 1258730754579
3541724191425 10464959024
-1215958086954 -2573247373663
869897882688 2350136749951
1543617557122 446392899
-2993363178316 -3485012877
-1140653854992 2476789283447
-2346521623128 -877130084563
7230194658877 1432009793197
1656660101209 8633453167873
8994385780320 5373948877601
4778595397001 5435873843553
22872075293 8992347788413
-2463857755289 -565203562374
2757513619480 -835713758853
4811349302641 5754515592431
-3579356736495 20834618476
260101719139 -3291562736172
-2561456049011 467602197990
3540535453212 2477629
-3509647409563 -292704928434
-1478911036980 -9264374911
-1232500460924 -2510523209403
3126607902533 -90299745540
1046077340835 1848558780491
2222985996826 -931102254927
1011321208890 2540317740683
-1174021145363 2635664278194
632412575869 2551976847612
-241815703082 1603533738501
7689727190767 199783894185
-2291427849794 -955378414197
220279896068 1708522236963
5607127097353 1524988971757
943736600849 2783011787910
-2754262657919 846110253204
5672522595739 7410550827270
1984518715649 9817117647309
6180936354021 2282156465377
6274462947631 9860724249137
401922579033 2223257583043
1061481149871 -2541737456758
7486643470617 4990161874563
3669402051783 52641324254
8069561928962 7892185483473
8585723873810 529446508684
3126663101938 91043814915
1878506802352 20922543555
-3095388474216 -59278516901
-2698473764390 855410070231
5976060605185 1430335568516
7845106632801 4246703147045
9129585837713 6323647101076
1868073838270 31381060329
-1531358625203 45706116
-3403507454532 218417468029
2959923764937 852066814888
-1671301677592 376310306649
2253870918529 5770960318297
700827373922 -2547079222257
3354832396234 -367271673333
6845006879670 409580606857
-2882778530123 857577305016
345684168569 -1700389589022
-1325918104130 -31395585177
6911086451457 5705981900531
739594431139 -2857010880168
2328319701236 847288549665
5689524948870 8451525294469
141624622318 -3389561049177
-2447341483221 1153064329124
9688752753003 3614328418377
5782402011141 4589849098353
-292751659533 3330695553526
3436243746739 282443708484
3370511243676 188788591243
950002556583 5840286232787
228169772754 1694663804645
517148491083 6869380761999
-434667586951 2531965082820
-3394709240274 -219701468135
-3117461642484 -67454039357
2755204150341 -847350731906
5507398767 -1851467997430
-1212835040762 -2575557750627
905596972148 -2813835011517
579559204459 -2479232700528
21815933344 1321448241987
3222508329311 -3352742676
-469312292166 2496580872227
-703512025753 -2541716059734
-1918151413179 -9169004062
4621118654273 5657000993557
-3332728686831 282472727572
1966024076057 5628552403913
-838283808391 2388446623602
7014180849033 9737994553465
-1904703083711 -3536057586
-290931075669 -3263759155736
3095684630373 120875204996
-1425939515107 127073902896
-2487061051441 564457663692
-272308132836 3331157769763
6751398115265 963409428305
2723698593798 -814716038701
-1781523862579 252210220104
9610895748713 2920247249973
641509668085 2543281526646
1457906906531 93127476276
7564614013889 8660237089457
-2211682665184 -846907763157
3522288539775 282385479988
2352796629672 2888727007660
2074114547466 -40707833581
598299029169 827311318657
243065542500 3482912387497
-2128283700315 -847676038834
2129970760659 858910180916
-860561609459 -2322202130910
586226643920 -2638458071223
3529174208629 4191418322041
1261562783311 2541909111234
2605144933954 1135554959913
412069867104 1684068852635
2085995296941 31409756686
3597773069801 7005123348561
127545893261 -1987448313252
-3646427034548 -94272839415
9447918774272 7903495066945
4350688540769 8254215885569
-894800361082 -2824725838617
2025386851194 1049123833
2770577814574 -843828158463
-3114099941645 -126507948822
-1339451617048 2365975323
4577265086497 8618656880129
7266107423401 7260204257167
-3610178616615 -6973172650
2178441718276 -816034562073
7975706576283 1942733000717
-2880735029205 -847232803034
-1448195655760 -104904799083
1390442465418 -97803212993
-2380140577684 -836421695295
-1253504593141 2548835020944
1156695760287 -2458145093332
-3264516887602 -268439863113
5839128173353 8212885318247
8506287942913 7440004141071
8539838414759 6707526753045
-2631143319210 1087867619401
9453764003141 1621625245547
1940208948225 2980948189277
387375754870 3416035254915
-1687656082328 409631501361
265431881543 1787443171002
-517964460526 2447555252151
-518063592837 2635994537936
-2745573460510 878669839557
12744811980 1474408180285
-2401983781144 1130749673121
3728390708187 -347765782
1135540304673 -2416040260714
2319715965227 -837219221856
874113806475 2908379920498
2933783528370 -815907482783
461607497230 2507386113477
-521799926031 2632010383832
-3685363777563 64299755908
995866444554 2542251650129
-1180590531431 -2538337654980
-274754093491 1820096621058
-1467686700327 -1119194306
9364545362781 6329790544701
1017636471913 1551301737211
2732216789616 -805470757181
-33331325574 1495997931221
66721032432 -3095082621275
-1859505052017 -348621634
-112854918782 1976579502237
1679524751765 -408463761042
2620730390289 7315974346895
-70866565202 -1977264917361
-2085059590590 30464323849
1832042832545 285916854510
7832615932505 7883820835665
-2817888123383 783378518412
4159204421849 2186870064829
-2686949287100 -843807299847
2844209460301 69298627851
2986591972333 129086946
752710867723 -2243277775734
725451180785 7485910662401
1383307229441 -83663693964
-2551289886932 1259088659559
3099806773346 61862879457
-2084922868008 32136748975
-1544178345612 1148348017
-2298367087392 -942589441081
-1542978371094 -42928541
5517806809468 3952123128699
-408947505612 -3403503147941
-1746304142451 -280100186830
-2269471872429 789318967574
5208981776055 250312952933
3240276504197 431197938
1184862416300 -2541918932817
820810828625 -2343091956822
-1585791021964 -313824944997
661358085167 -2583965698866
7529773802576 3712500530941
4555279144062 5689404666063
-1840426139452 3500601867
-18864490017 3577399518068
-1842429010615 -3440528892
3283333922651 -254018943540
7854269450705 6986533378729
2476139856057 -555502839262
9767094481001 5036228418689
1751085508725 -282553855310
1987799192055 -130307404534
-184158625073 -3410131300506
6203846102017 8506718383275
5878307143971 5278870739041
307279355135 -1787428956726
6287177125006 731127938535
303855600561 1786352473754
4055030737385 9970510987249
380541091483 3369396524358
1816576143457 -270535355460
5756356251429 8992064138777
3646117899430 -94530242835
6482175623386 2365679579233
8722836302617 3368459830009
-2256388737653 -900623497464
1994130042897 92981973680
-2979231540885 10330680874
-426116348562 -2541750685939
1942148510711 -84630741168
3554537732614 138522363
-52781698284 -1974695879231
-1442192674811 -108497282058
-783692789572 -2266284969903
8077943876097 3189674604655
-2125330192326 847413027883
3586132094097 31396985342
-3298588637535 323480163868
-1951049227574 94237213077
-1123118741285 -2480433197352
-1627034740471 292478731818
-484335029930 -2511522672543
-2569424971252 -1214432498763
4466651530641 5144529987013
-2426843081280 -1133841061151
3608993535706 -14713886685
3798127812025 -6624439878
2443245781710 544332972311
-335927469101 -1690572280446
9134651906676 5503831106399
-3406597185368 -186910454691
-2384130616076 840439461987
-311520420587 -1611410903622
-283126884631 1750365764928
3311035413553 -282386489844
1555126692590 -281741340069
-2540577758134 676852823295
-2437956581412 529978476097
-239558807133 -1597306153052
2973995439004 1157323515
3642397863747 104238423098
-2110848504153 386182664
-3469747137998 249715684323
2302938881642 -749702224377
1663681544305 1748160118473
-3014212319055 38338692334
-2369212279489 878612111580
914250435086 -2813706934569
1196622055956 -2552368164859
5300579962769 929437188883
2020728901909 4695536529261
175213917313 -1663189586118
-2343269595177 811688787472
-528427559794 2458265948811
-2499049997751 -662871693896
3330432993589 291713278788
667199542467 -2572731960974
-2702227775203 859173692514
1573474990790 271969163595
-1400083766846 -59404534377
-2689269006442 -843801118875
746492139232 -2289654106245
9583368490227 6315016934633
6585356306563 5713955600101
1290557380570 11756539989
2020048727001 98133412600
8125225227865 1560157083362
2385871672503 -840343738690
1456616840066 -94162330389
1555243666942 281697702633
2278442464228 941303179875
824093410782 -2729908077427
-44085536893 2070748104294
2154290789145 -880994727980
-857552297914 -2319872471043
-2421587004380 -1129731962097
2365770852001 7235482511033
2529799073657 435725285820
1902806331249 920538516237
2919347335619 864696077472
3581083561119 -40297046444
542238835069 2451167161626
2875973272266 7917723936777
-3510312501194 -271967592117
399542531534 -3389197504881
-1022650864577 -2510916947700
1087876306561 -2452862748528
-702019187134 2545907673357
-2465143039306 -566585724693
-3036812668626 -762086395
1682956693621 411732491286
-2137731414968 -858782081277
7988633334201 5000654104605
6159008764929 172595506073
-1517231804162 26746421697
1647581833957 188329555278
1561570960047 -283634303752
1666057509008 7116229949373
-3427350101889 375027620516
730317819394 2824428756423
-2432261909987 -1098480726300
1372496754609 -94475349164
77784249153 3671186968144
3234225581766 10575029293
5728468763745 2205911705576
-3269677223412 282430090517
-956638194850 2792527416069
-1114344242183 2479132996686
487692369425 3357479951597
-245553252329 3295008051840
5099266859344 7049096449637
1012396764011 -2542251991284
3236561719072 -10331941221
2756363890549 857720029500
6271888364883 4759790259041
1708046891055 218519485060
-764627981956 -2224224633915
-2288170294910 763605941043
6774830681527 1925102661905
3057437716715 1143129672
-2252316972818 971990171379
3949367065527 3952776566273
9318622002657 5911644609569
3464559919417 -282855163806
-1962519602544 126688269263
2764862967083 838381109346
5818261897865 5473094506433
-3395999835379 -408666436572
-3254749709702 -278809377885
-2783252932 -3556523270385
7538226141854 2534515983413
3022960593891 33330347666
784792384223 2811553574472
-1524492185536 -85988139
9586788933029 1580393472510
-2859620016334 953049599775
3089239574273 9790972385596
-157312576276 1681618614669
2487036309031 564863855862
-3728194113156 143366597
4892115542497 4719689227138
124636377396 -1991001275135
-3348335990122 379713339891
-2692338385895 -846124838760
1720097978415 -188013734974
-3004379963918 30993816255
655172851715 2522256243108
689511852748 2555812963743
2422056264978 -1129330726165
1186280645568 -2541789224279
-3446814469951 -292889352360
7506075239549 9332000164865
794411962376 -2264090130135
132379789774 -3108231884259
6464563492255 2233033275969
7211888551033 9214926637889
-1146170335214 -2448110128779
1694641550883 143862377536
-1198568121149 -2541908939958
-3099539987692 124347706047
452342205468 2541865781675
1568397551705 6794703894425
2202091057153 7205952105857
9013077411179 9727716702481
-272926141734 1572538111451
-1058688552898 -2542281887445
-2834329363374 -789033647989
-908199465273 -2834735517022
249630512408 1614409691793
-3518847314522 271954597443
-1642517128799 -280057183530
-3503258351451 285911065532
3516911105220 272342320267
-3783682263751 1189830042
454415840908 2542117731345
-1766877626761 -285873156090
3621553031979 516324418
-302500922838 -3291524303705
4748342023433 698672464089
-3701273592366 87122305211
-3709705940565 92980365506
-703783098273 2540708170334
-870106713078 -2165149032623
2906216258638 -815921426511
2393327398779 -847292852470
884741255725 2165259652434
-3120886822588 -126694642347
115185804427 1414902665910
5818593308353 9967330345261
3479420632727 -302259745962
3184859208509 9627983477225
-260433810998 3487152514899
-2649846810726 -1096832045669
186293320161 1736285239304
6504414385929 9920710578683
-2438335650008 -592380222633
370985890146 -1663194570893
1957517595951 -97672412260
-3639112401198 101507750387
8534294866945 6281106648991
-3300614940907 -313810674096
-3572511777243 -20920699856
-708563786164 2259559074159
402739618831 3789918917889
-923971557377 -2257752688812
-1516316871369 -26588590336
-2732326924191 -889473694132
3703301486081 88203458760
2482849552465 555506774724
1272902075690 -1162261395
1465418213421 8710802867513
-2501611742347 655657540254
-3164895490672 10969978395
2347989230467 815921783070
3404236054442 -156383954505
3312465147396 -283032210263
2430209710291 4661159548055
-3114754049739 -125137354816
1969283458479 125395104844
-2597460158280 1130880387707
1388541326805 94272324608
1264634303028 -2537992140947
9369514125817 6522255608953
1981343367644 115064574057
2589349527505 -564456647460
3302810948313 250919868242
1080656764742 2540746672569
1809035994961 362246579080
3199874706586 17061362265
5506664490420 9845520311023
-2292995852268 -763261432003
-3117555547016 -67238998119
6311690676037 3199647704405
-288616527927 1569224990102
1797789559631 -254528897040
-2861544764126 940908888891
2530664016201 498741443260
587322418204 2639682327291
1894918179121 6632708350239
8603243581953 8594451170169
1873063141378 34828519473
5943935368477 300481688389
2533766300371 1003663059900
-2924083083914 815507372571
-2909319306551 812822554482
5007804311748 5362099439775
-3417419512582 364782696021
-3156248474137 1561488
-3014999148966 -41439648529
618489413133 -2544950725696
-474817918145 2562782361696
2335726401270 848321147791
3609294388377 12803831092
3436710880814 -282043889733
983287193617 -2254320064398
3080818933389 1365061153789
-2339675520542 -817604447745
2647070433668 1157631964137
1636952189769 3282420401872
2224645856444 -741910276449
633618912375 7689131524589
4523157024629 3457835756193
-168088676402 3385536918723
779340834049 6173097922433
3427554772823 186593409702
1977945894591 55789259734
1334721895290 133982215
2079330086075 -31132344492
2546389385922 1182349779319
3676628532838 -73049766507
8190891256129 8010535522817
-2758470577789 856701195012
2670308145525 -576483479524
1836318037260 253440415
4932510109102 8700780842313
9669528747165 3352585169542
9403187184113 9002093663507
1144863351494 -2666873558679
8840930815633 5832082061305
1119461817451 2609277347628
-3150273256465 -90662593194
2698317101285 839154406206
1599475063988 264995618607
7596375994803 6446092581085
1549968311325 -6379372
4255588827180 1381125643233
951078420833 2241106311634
-1926774411926 -57828141
-908363446240 2266452730305
5737661608669 3427239220051
-891479017177 -2165549683104
-3726837390469 -1120693428
-1678740217282 -376717965069
6001105109149 18127454125
-1634680619455 -271967470614
2571453784566 -481130123503
8866735528843 8203703297025
9650601148257 5979595910219
-819347369203 2717998609026
55909817805 1411329254518
4648245161507 188788752206
-1684892862954 160459044251
2863624222867 -753537098988
-672282755975 -2510527224708
368185275924 3357715969403
2779245246757 942635507760
-1262829790450 2541865185381
415142090938 -1693406806467
2824432774838 -902259298185
-3160594473785 3572681016
2657930516022 -568733281955
2133907719016 831689929683
7668912492417 6253738951349
3684445301087 -63151849986
-1298900540920 44647389
-2816728268134 -784528081641
4172697014599 2708730863044
2795443608016 -742685110935
1840125342574 3515482995
2376733732753 7809666476701
-1420785136619 62798991960
2998166409358 32527142541
1219186285061 6897294391421
2412318160475 -1141383826974
339116979659 -3389095448064
-1563203320483 -282932811342
2947706390096 836813969295
9803502891393 7298290084309
897959348492 -2262907841517
2489193105938 1127216889327
5931105682837 5736976490030
3698947456873 6108162145865
-1816586953802 272610278277
-1135589252187 -2415825023320
-756907268909 2844010782576
1203169037249 8101843538409
-3327291321671 296432941248
2794364801887 8405382131049
1118219218287 -2412411588152
9995129090183 3691287941164
5993796649985 6951956784355
-343000459835 3399971764128
342003522223 -1703861189004
3744335086279 -4668295572
2467581203329 567964866654
2365567962884 -882027313203
-2353292094519 -828698804150
-3244493918169 1535276
3665055331489 -63788312142
-1526685099986 2283126417
9746225099917 314906264931
1226365905779 5153993858445
-32437117521 3584026769054
-1071509957068 -2531791421415
551975397478 -2667771995733
-3134151251252 -105751437999
3119120771281 -62915490162
3109726358177 6446899354828
9238543215625 6500805416673
1734146096484 -376829401319
9789497052871 854549803008
7151537131105 5975675676337
1615340121393 1315560208117
1470302789310 -10211835643
1060443157573 -2543033557542
1135327994129 -2604631313016
2890651042157 836053767774
1937824367981 94015633230
-522636407171 2640500743602
-401536976418 3388006597387
1465414353627 -3486725126
2786031647365 754710347214
2162964705161 805935002328
794696040617 -2828944408518
-2852293843512 741135211697
-773906721606 -2254394386667
-3497803195195 -252229870056
1944380456929 86797249188
569869846762 2406009887721
1039437975473 4767658082305
3735703304374 -13947138279
855643603637 -2196659825262
2249882072645 6739737427933
-238496971887 -1788720555332
-2503342034449 1225424765124
892866955295 -2917319807844
-1115421071735 -2603352491334
-482971425546 2573284502179
-3733156504848 6451695937
-1867917674403 30993717758
1221580526657 8241469966113
30488326250 1492299967833
-2350004313041 806977805676
-693789051614 2529843038667
174231205070 1724451643179
1816074234847 294051258246
3645085763495 104604949206
-3135109333392 -105770498699
-1539860154476 -10876490433
2754698298936 -848019163427
2886788888705 3595041612341
-399808823309 -1694363757024
-1731967915701 188286357628
-1484148001458 -3228563123
1718591578005 1556730628668
219082844649 -3396127772782
1385544493642 -105051544893
3757247144061 -31273242704
2663322560644 1118095533423
2530198686692 2585105773727
1643212759871 278944826094
502512955319 -2533604604012
9594645718017 6278773501021
1665493245048 199258551883
-968874375494 2814867963081
841934473456 2196669387483
2928128371579 882054259644
-1596171869894 261405318555
657660950113 -2496135704616
2573626567536 -664900166507
3549728742624 -8912061929
3731718286123 10441143018
6404550316257 9843743310431
-914564808551 2835114195006
-605249031949 2451204828180
-630583523265 -2553530773204
3436019817658 -188118431019
-1247892571343 -2540789246790
6517668328609 9721756527265
-3568602119449 27891617760
-779546605948 -2269772289477
-3125164867214 94525519653
426651145271 2542246871448
451807151846 2541865475979
2960712938361 6337904209921
757932793276 2218023752481
943138920427 2235022426170
-2860169110155 952283800390
-1305785266902 -31366750801
-2964154100966 845961437247
-285814601526 1808871040279
2710779064438 850870934343
1836428288506 794226049573
5052124010497 7141963663362
680328861834 -2537390548151
7227629318303 2997441013209
5257335953401 2520924050553
3271039060697 -283737596736
-2131064016408 857806535509
1134263377540 -2426413910325
-672480270948 2509306561837
313023336910 1607316784911
-1902161926536 -3491567369
-2441903476513 1160798412060
-1187627149776 2552326575191
3446120175342 282737065861
2252749618313 2348363391897
5584130961377 3866691960697
2727842618851 868431097332
3272392888601 278987373702
-121740156456 3095118227663
311987639531 -3472787820510
5956952349709 5150964246145
1812547532703 283592559034
7129142400205 8867244750785
2755427284279 -847302969282
-3155364974019 -760651462
851798524772 -2374929049221
3444795957333 284022179864
-751049115084 -2301281962835
5767981734255 4986564256487
-1497457557488 27894273741
2397146658265 -850760966688
1721803049951 366112381626
3030725943370 129166161
-3667957663817 134391879720
3556693495955 2721446676
-3057974690330 774642051
82369299384 1942526931077
9241302054617 7330321617093
4158101733137 3770215780265
-529722994617 2436141485092
8152602162408 4946342654465
12267344755 -1286589966108
3082483395365 1035678098821
-2819454449488 -732610782207
209728999809 2583622680889
2403259475853 1129734148202
2586352703570 -1035573175911
-2766841537632 847240779763
1326550140164 31252256973
2637642955309 -540431905716
7645521227445 9485492054177
-679633371814 2537216605071
-2222378735068 941876519073
7399217426487 552010127025
4809882683393 5693789833649
804625635725 2161662660294
-711013401593 2821971019020
2117045688237 1162918292
-838621570605 -2761483841020
1933567165873 90540008124
5754740351777 1603361497941
1777975164336 -248728619053
1579790673341 8345044277533
3281752003103 313820110914
8002287716161 4092149294739
-898249301103 2262550533922
-836050845913 -2953464048468
1794711002657 2340880603133
-776484585437 2823908482350
4029819030217 1284788052201
-24768139024 -1316976106245
2470686253887 564860853190
6094811033082 5515379363889
1002236062885 2531232638478
-2193418733401 -835670205966
9116029932547 7952131511919
2184083211793 5773121899729
1804079836960 -251005427883
8554508227243 238724370207
-301162871163 3482867498336
1633402773715 289519490754
2143332921983 851134886586
1770258687653 282873002976
2940048719800 843809739705
-2756962540624 -836441373753
8848195920897 5251177174405
3874429893237 3763859811601
6021138317605 8329793697795
2407888600945 564863307480
2839989652457 941431237236
9818682544443 2245422749953
6724944502895 2387496976503
-2700595141503 857796240392
6872956332117 9017257814977
542023498729 5882745768769
-3457811314677 282831426082
1146238299354 -2636050990751
-1824942809034 -271581592039
-357771343630 -3389156226657
538102693294 -2436747146235
711183983745 7764881810593
3519987582890 282379640319
-267867566975 -3514683634146
3219623636867 -382308186
1360870054200 -3143807953
2477105197129 554529467532
732238876331 -2262227473680
2649284930750 -1161098773245
2477717383035 -550913590430
-528584514863 2646518666112
2189400261186 -848441119699
-1209344702626 -2574407555349
6954850080477 5568015599529
-3720933788442 1119157955
-1217925550903 2572917906834
-2970690214896 2080585201
-3102140607574 -115451128575
919958510117 -2819631990690
4696000811569 1216097787813
3394824393378 -407527854751
-76305040509 -1978341205204
1408382322937 134865370584
194808667487 -1724925493008
-747570753069 2290817355994
1051294613882 2541865888107
-2692183447768 848546156313
1023324616841 -2510527815396
2540067726130 1014612795171
1968390716835 125509897088
3061408449721 95865244308
1707061965458 -219676976559
610395354443 -2637185598900
580764625766 2447550305151
2865678906767 -757789713198
-863752325095 -2353968426684
-1469703676414 -10446005025
557479151283 2666142827306
598521836962 2646996569823
-2152430385721 815520129264
3655572071250 -94118743585
-2337902903980 878669696103
595608293142 2649916463107
1439026179398 84113771061
-1408330735295 113769834660
7732778775425 4307246725145
2274276354489 4070033120881
9273655032671 6431258360321
-2081717115244 -26345341215
-3749770610266 6615675
-38246882264 -3767233795131
-2574547083554 456422808609
615399749791 -2541880177236
-3770532505235 -42233990490
6585553740762 7606240309601
3482837623028 -266153106843
2732037979235 868338476748
2912947294190 10709512481
497326195688 -2552756528457
-3478065039065 -251049284190
-194290309411 1725570856548
6681545625097 3440385242101
427696552287 -2545056059416
-3716150677169 -93966044976
2967018532819 1160673354
221043343209 5988791218627
-1510044286848 43046720081
-1481635082259 -1120806194
-1050578191612 2510872208445
537862709218 -2625519954105
-1238059767963 2574437691934
-1909703736512 10029886005
-3778685365017 31758739064
417628099207 3385581146916
-2791776973001 927743108868
51364775182 -3103236332325
1329843977060 34858631565
1259993415312 6786307582333
-3512476716844 -271524963483
-1615544230819 314017857486
251391884090 -1773472285485
-462341816611 -2510527755636
3588764675457 -34853295824
-3197854337051 22094290782
-296341830805 -3261951888102
2807378660498 940244039577
-344345032797 3382178028704
-251684411513 -1593505584576
664418160390 -2510656681769
3596683382079 -3432653234
-1540960200034 11617837695
3792538401601 10058387598
-3547642956207 -13815707896
-834578188532 -2196286907331
7135619187093 8154011249009
-3663727918606 125567309145
4268561389337 6579171679855
-1995435069155 -93771901554
-3382710951402 -158115413261
718763488844 2250133476219
242585760334 1600304526603
-2716442941195 877550395998
-2734995166641 -805447367206
8082617864201 9943969572257
9481572694041 8871507636705
5205616695728 4989344538417
3550287208893 10587893462
-2065345312510 -31955017641
-1786955735698 -303367243167
-1878402606428 20529230517
434058082730 2541822603837
-16532727704 -2071092538569
3330994497951 -272213108218
2817090041003 -908883509538
2827385462829 772816168106
6558643857765 272939685541
-3502181051569 -282432717516
-1299446524326 503480323
1404366394507 -62889485796
2334324824026 -843754310181
2824032988064 -897324894207
2531131268593 1854389459425
1547942598077 -1937811762
-441909892427 -2531447990496
-3729394504657 -10469977242
2246196310290 910052382037
9376956976577 2669891221673
-2508873736471 -456639603228
196549602484 -1663521933825
4556798006607 7667698193947
-379919587726 1717004560287
-1433876938590 90528336809
1244850142418 -2543803108161
6298213612411 3810326607237
-3452600945756 296363918511
-803111644598 2353105422135
157871371076 9059760955401
8577995131921 8662168159557
-2036051718719 11619432558
-566172398341 2429901313572
-2267974148593 -910139485788
3993922127873 5811191716995
9853671756187 7588537778421
2685474892522 -847344433101
-960774154556 2820943735551
-497088813912 -2531528290567
3084246003316 -97457639895
813739145337 7948796784793
-2789036025676 762287353839
-519540121921 -2635146478332
-3780398171784 -31510565009
2819540674826 773680330527
-3559002681280 381554901
1630097216210 -268496747541
2999825053303 31642357914
2220199686755 -941431794810
387606040098 -1721313829709
-136581055779 1408675837724
2893429713171 847269478054
2978239789837 -11667780570
1487540382717 -387489448
7107584582785 9731294919209
1378048575916 104790061167
2203414006037 -846124761780
3199316708378 38192545305
-1823477854361 -271149642342
3345483011457 4803372958353
77350095078 -1976948482753
905230135947 -2835125620478
-2040680713362 7016063777
1614846207265 314973102582
-2334261586271 843670992906
2628646786002 -1099336648105
-11833382063 1345911527538
8081336487761 6082179028137
3693829806282 90270014869
-2236783584174 -944917156457
15872245237 -1318085833758
-2278280134843 941475090528
3443589366891 282817849384
-2521168032506 -468391386267
-164694055123 3389298097182
1779943767339 -247535095634
1846678248821 10847603574
8667478770609 8504444030979
5575855480353 2534551383591
-2164934486564 -884606389365
2519190971238 470715887665
-3626627715299 95386927824
3626735062531 -92966746086
7152521651449 5168438896009
-1787571894502 264687749013
-673204093151 -2509379900964
1530657710406 631352147
469332926110 -2524415908425
-3061690505020 -95305619415
7306077092033 7764025829985
-2324780739315 857774268418
8335420119009 9153708081821
-2830095785028 785000011555
8117199255953 1840496459690
9667747886539 113919001133
6058907805281 3890175057877
1449451063090 94573495095
1365691153921 8685515084433
3438059690221 283966640190
-3036609666085 1247832702
-114128526881 1408660667604
-1575367114869 -282475594454
-2724804620113 878670790902
984089330743 4627804626593
-75885567557 3106610287182
-1406692887066 125657986597
2706298045188 -848464675973
-2797598852483 763864067088
-2480090409025 1123118102142
471830958531 -2565769506532
2808336966770 -941431805847
1066820392978 -2548007664993
-3547531783911 -6973391006
8378940660665 655757142113
2804746419640 -756617848503
-2190242492509 -846125855892
-1683100805502 -404122812875
999469999338 -2552713247737
-2773032419230 -851191512885
9917556809729 9148466169585
-1617590297690 -283550877231
2780666923280 -941389272963
1842315014521 -3047284608
15637259120 2981243171331
4177570127297 8866329422375
439961400564 -2555853663493
730522112057 2820807538692
2012091724503 -82510984310
-3476724934451 249977006802
-2935010017840 -847298535831
87452353305 -2009548239602
2358327477787 825975187740
1624004792889 950643493305
845221103435 6742740748257
-3744208273412 3470818545
3573062356611 41889242260
-860365089494 2887055291265
8562131313953 703989116529
2263881617063 4950450558309
1369845758302 -96462387351
-795328436971 -2256996957978
2962772909036 847661865621
1884631157035 41855663304
-1136054809510 -2416296922533
2497550719161 -1035230651648
5352173648265 8252570601356
-1002751746421 2555813047104
1296125472034 -3487319895
3606882687180 -10651468547
90614624726 1431379993473
-504751015679 -2552190489846
1535906161239 10450794554
2061456281444 27979797915
172778789213 9393162255923
-1384951114791 -83681407444
8847079011893 2562944547393
3271037807459 -283448249640
7669602119719 9852881075299
1371564522039 -97240883048
-2119630057482 848323660409
2318101655421 857748982328
1213181835498 -2577910361693
7324511969735 3223334382413
2269725733527 6744066324209
1397410894579 62679039462
2611414981122 1128947114737
1842406294283 3501657456
304826930626 1603925528697
-3394932488549 -156644891958
-2046988036040 -1210780035
1544747415948 -1545410741
7197585097161 8495091891217
889186121191 2167354599636
-2780404790294 -941475012129
2878020253359 850717826698
-1225662306051 2520973645280
1229507223668 -2510111694873
3170257164997 7480621534017
-1070542348000 2553105750399
911802369865 -2834760265146
1947683466167 -104560663248
3549931517385 6180866674801
650136920559 6206766642163
-3478946658969 -261494854406
-352112484381 -3387473470450
7830322434577 5511789481593
59628188360 1988500111533
3931851041537 2820845716359
1546171577035 127545786
690616424469 2269520159361
2904237543056 879890979519
6269915480217 2718607060353
2885379601837 854228677734
252650815733 1593588371310
1426545482827 124232690034
3657503065393 -124005323298
-2319009758715 856572079706
3610513984845 -13985289172
361029869479 -1725844020864
-3805316890398 -392371643
858976463475 -2318324757304
7011880426451 8901725456143
2657088430058 -559827348291
-3338936724410 282386496345
3772555188069 -32883095098
242912438633 -3294731190186
1316471457909 6273874091869
2739809209429 882282938604
8063122481321 9825490468247
-1867712923522 -31648308801
-3635981079712 104459313987
-2982771215389 14119859010
-1480762595572 -525418245
4993464164577 5460806074044
-3193235437850 31342618713
3298666376981 -322706919042
8309720812121 9350875143145
2207454970113 6346649574273
3668233433770 -74829484407
1003223561477 550174803201
986610665525 2825113015584
9285865227561 6064382984221
8645258051713 6791146409057
1112706686805 2637300764296
1508660591135 -41592521358
-2853854970003 742637188676
2448515563812 547511107675
-2649826139006 -1099920185541
795678259693 2262908609244
-3665762293449 125050720130
-3587044694618 -34851918591
3315088224631 278942693142
7072090041073 8409429214750
431066774285 2748655671049
631773376846 -2531447098137
-2801846967694 -749529565209
-2179897256990 878713244937
-2959083939102 850515528023
1920072953300 -215095581
-3045447689912 6973365327
-482348389680 -2514185202175
2613842408348 -1126633066275
-2810836546761 -720599098040
31395529056 3206122423325
1160178475563 -2628992398432
1819293699578 275586882309
3079644797636 -83568132771
-3314916057914 -278512283793
103597118141 8261762601633
-727320263272 2824266667725
3398178688687 341666547576
-710414120099 -2820772442178
4622513930301 9857092107901
1755798135962 -268396069023
-2375531586728 844136125647
2678878353537 561729396478
-1969322837164 -125395039215
5158197517825 937130197527
2360591061267 -814213294300
-1159729832697 -2629034967500
4354350598289 4754990634705
-898284519219 2821242770018
-2247434572752 976127504447
2521147740161 -475369198254
-2010830106852 104172531109
-2640759835341 -586171458188
-2247228427503 -721764903268
2838273194804 -974486883951
1378719998080 104647998195
-326026612908 1600432436911
2100738241177 2026557810621
-969877651755 2268734738122
5485918021723 5802920001217
175299523892 -1725953731683
-962735978158 -2264185771335
-689216393962 -2527633858785
-2097774154438 -10890820197
3156457933263 39857392
9495729049265 8423612952513
814033189554 -2154701845745
-911594537597 2810448785466
-316774302519 1591106724656
-3207364376591 32557501548
9114164862513 7257342996136
2980308473454 -13990177781
-1542635463999 -10455595750
-3803791447984 -1161671049
-3461219624177 278367790908
6566931152087 7392789624897
-283181871818 3277448688609
1273761784042 386362017
2774682946279 847159477302
3705935424056 82457382399
-1247705327741 -2543042385900
-3695432119557 -95313941182
9333732696753 5053059132233
-3746073280114 3100977885
-249337297896 -1802667344311
849511851177 -2186596459054
8937913436097 7689483535345
7696778511819 2128044083913
3433924987532 4455238206734
636214892673 2983019367693
1944390781185 9372931779777
1923278934665 -3517010928
239814137935 -1603987785294
1059675727664 -2540690812251
-410826159386 -3399614633499
476332220513 7177250799577
9587017688705 4042036799225
521711534762 -2444672773029
1661833661469 202227131008
3039087769824 10460355389
3622519804549 2593989346817
2227697792932 -747458480457
-2089200060805 -4783698
-461446522946 -2507249585553
1297146508315 7013072283105
285623557483 -3523976958438
1565392922394 -291330524395
-1626688329071 271953410418
3311795017762 -282459830841
3130537583610 94143729701
5798345474917 7329008569185
250824566374 -3300822644985
-2799437548818 -942724718207
6880164895249 1140403018697
1236807695929 -2572859309958
2271107823720 914068658791
2699035112136 -841419900001
2663409434423 -553236464556
1211844842239 -2507155467498
-901396277025 2259373957946
6391206265941 5095267499297
-3612111291970 9298133289
-3519110172806 -292908964695
3238124300643 515859436
6175570461121 7149832589627
-2090007406308 57854989
3624024763471 -387185022
-1221698852611 2583318394944
-117854567628 -1412147857339
-1752522425448 -292489556905
1773435332357 251450265468
8118571793089 1121825537249
471352591192 2503469569887
3511271746208 -292129920387
874471125173 2719820906568
-3590519540141 -31381184052
3156063030644 -1190424951
-1147085573787 -2446171530698
679410553334 -2539568402379
8343461506533 2128767083793
5395399955153 1884004000029
4488628888257 3419323820827
7274346428009 2215202985115
422560841065 3633011899113
8550913604193 4375908739113
-3541346575962 10718575685
616202936683 -2538379024488
5459359088641 8479417268161
8759877697089 3084637767879
2380147308542 858136745601
3150047659641 4829132919263
2392102819678 -848823935445
-2646348409871 -1166179243278
-1141537376903 -2482591963446
1125798921313 -2655915664320
850746772464 2875957460531
-3002392452020 29009416221
-1363574911302 1124510279
-3414609108289 376920297408
802831409470 2165291695833
244559734918 -1789882068699
-568819890718 -2407035408453
-2790012540692 763605245817
534890508977 2628991683774
-1087115099997 -2444145157072
8824330907677 6319079599345
6646347759617 6131766819541
2928588569743 -813581255430
9768503517137 5425652217988
-2253884003143 -721815389370
3469322126595 8330567650621
3057158360350 -130734483
-3021571362871 34882197180
-665317237761 -2573209135946
1726915883508 3654859636553
-2792536043365 -926410094382
-3660590951960 -67459467087
1332348060376 30303120333
1234815643041 2512809300320
-3441152208703 -277794722394
3441128786394 -277651153639
-2981177354741 5551255458
649563015164 -2507433227127
9005820811265 4891705082049
1310425636798 31395525153
2675188745112 -1129589012321
5277153169921 5531939641610
-90776750211 -3712605907442
4004163312313 511642153385
-2895192642082 847773276813
-1363293611581 660023424
3857742459143 6964095786529
-785522034128 2245114422729
6897243034778 9786963013645
2455011244238 150709974484
